ProteinName	Score	inGoldenset	#Peptide	#Neighbor	#NeiWithScore1.0	#NeiWithScore>=0.9	#NeiWithScore>=0.8	#NeiWithScore>=0.7	#NeiWithScore>=0.6	#NeiWithScore>=0.5	#NeiWithScore>=0.4	#NeiWithScore>=0.3	#NeiWithScore>=0.2	#NeiWithScore>=0.1
YAL003W	0.982204	1	1	Nei:3	2	2	2	2	2	2	2	2	2	2	
YAL005C	1	1	8	Nei:19	1	1	1	1	1	1	1	1	2	2	
YAL008W	0.841079	0	2	noMapping	
YAL012W	0.0523195	1	2	Nei:5	0	0	0	0	0	0	0	0	0	0	
YAL017W	2.03475e-005	1	1	Nei:9	0	1	1	1	1	1	1	1	1	2	
YAL020C	0.000216842	0	1	noMapping	
YAL024C	0.335017	0	3	Nei:5	0	0	0	0	0	1	1	1	1	1	
YAL034C	0.00543708	0	1	Nei:5	1	1	1	1	1	1	1	1	1	1	
YAL035W	0.99997	1	3	Nei:18	2	6	7	7	7	7	7	7	7	7	
YAL036C	0.98495	0	1	Nei:18	6	9	9	10	10	10	10	10	10	10	
YAL038W	1	1	11	Nei:3	0	0	0	0	0	0	0	0	1	1	
YAL054C	0.0153824	1	1	Nei:3	0	0	0	0	0	0	0	0	0	0	
YAL060W	0.00139593	1	1	Nei:1	0	0	0	0	0	0	0	0	0	0	
YAL062W	0.00488761	1	1	Nei:2	0	0	0	0	0	0	0	0	0	0	
YAR003W	9.30654e-005	0	1	Nei:18	0	0	0	0	0	0	0	0	0	0	
YAR009C	6.52327e-009	0	1	Nei:2	0	0	0	0	0	0	0	0	0	0	
YAR010C	7.21992e-006	1	1	noMapping	
YAR014C	0.00021391	0	1	Nei:14	3	3	3	3	3	3	3	3	3	3	
YAR019C	2.51398e-005	0	1	Nei:11	2	3	3	3	3	3	3	3	3	4	
YAR027W	0.000758028	0	1	Nei:40	0	0	0	0	0	0	0	0	1	1	
YAR042W	0.00688428	0	1	Nei:5	1	1	1	1	1	1	1	1	1	1	
YAR060C	0.0147622	0	1	noMapping	
YAR073W	1	1	4	Nei:3	0	1	1	1	1	1	1	1	1	1	
YAR075W	0.418753	1	3	noMapping	
YBL002W	0.0151411	1	1	Nei:34	1	4	4	4	4	5	5	5	5	5	
YBL005W-B	7.70008e-010	0	1	noMapping	
YBL008W	0.000133944	0	1	Nei:10	0	1	1	1	1	1	1	1	1	1	
YBL011W	9.71915e-005	0	1	noMapping	
YBL012C	0.00219826	0	1	noMapping	
YBL017C	0.540606	1	2	Nei:4	0	1	1	1	1	1	1	1	1	1	
YBL024W	0.802668	1	1	Nei:4	1	1	1	1	1	1	1	1	1	1	
YBL027W	1	1	10	Nei:1	0	0	0	0	0	0	0	0	0	0	
YBL039C	0.12385	1	1	Nei:37	2	4	5	5	5	5	5	5	6	6	
YBL039W-B	0.772124	0	1	noMapping	
YBL042C	0.0119765	0	1	Nei:2	0	0	0	0	0	0	0	0	0	0	
YBL050W	0.00102508	1	1	Nei:36	0	0	0	0	0	0	0	0	0	0	
YBL072C	1	1	9	Nei:8	0	1	1	1	1	1	1	1	1	1	
YBL075C	1	1	7	Nei:33	0	0	1	1	1	1	1	1	2	3	
YBL077W	0.11604	0	1	Nei:2	0	0	0	0	0	0	0	0	0	2	
YBL082C	0.0408909	0	1	Nei:1	0	0	0	0	0	0	0	0	1	1	
YBL084C	0.00311694	0	1	Nei:7	0	0	0	0	0	0	0	0	0	0	
YBL087C	1	1	6	Nei:15	3	4	4	4	4	4	4	4	4	4	
YBL091C	0.999183	1	3	Nei:1	0	0	0	0	0	0	0	0	1	1	
YBL092W	1	1	4	Nei:2	0	0	0	0	0	0	0	0	0	0	
YBL099W	2.55698e-005	1	1	Nei:109	3	5	5	5	5	5	5	5	7	9	
YBL100C	0.687258	0	1	Nei:1	0	0	0	0	0	0	0	0	0	0	
YBL100W-B	2.24097e-006	0	1	noMapping	
YBL101C	5.34778e-006	0	1	Nei:1	0	0	0	0	0	0	0	0	0	0	
YBL113C	8.24455e-008	0	1	Nei:1	0	0	0	0	0	0	0	0	0	0	
YBR011C	0.963895	1	1	Nei:21	0	1	1	1	1	1	1	1	1	1	
YBR012W-A	8.8423e-006	0	1	noMapping	
YBR012W-B	1.11289e-005	1	2	Nei:2	0	0	0	0	0	0	0	0	0	0	
YBR017C	2.20452e-005	1	1	Nei:93	13	19	20	21	21	22	23	23	23	24	
YBR021W	0.00282449	0	1	Nei:2	0	0	0	0	0	0	0	0	0	0	
YBR027C	0.00827445	0	1	Nei:4	0	0	0	0	0	0	0	0	0	0	
YBR031W	1	1	25	noMapping	
YBR036C	0.0934011	0	1	Nei:40	0	0	0	1	1	1	1	2	2	2	
YBR037C	0.0198303	0	2	Nei:5	0	0	0	0	0	0	0	0	0	0	
YBR042C	0.00112222	0	1	Nei:2	0	0	0	0	0	0	0	0	0	0	
YBR048W	0.996118	1	7	noMapping	
YBR049C	0.00629132	0	1	Nei:12	1	2	2	2	2	2	2	2	2	2	
YBR060C	7.55564e-005	0	1	Nei:9	0	0	0	0	0	0	0	0	0	0	
YBR067C	0.553723	0	1	Nei:3	0	0	0	0	0	0	0	0	0	0	
YBR068C	0.281538	0	1	Nei:5	0	1	1	1	1	1	1	1	1	1	
YBR070C	0.0184902	0	1	Nei:1	0	0	0	0	0	0	0	0	0	0	
YBR073W	0.019433	1	2	Nei:4	1	1	1	1	1	1	1	1	1	1	
YBR079C	0.999982	1	3	Nei:21	3	8	9	9	9	9	9	9	9	9	
YBR084C-A	1	0	10	noMapping	
YBR084W	0.00150891	1	2	Nei:13	3	4	5	5	5	6	6	6	6	6	
YBR087W	0.0389666	1	1	Nei:13	0	0	0	0	0	0	0	0	2	2	
YBR093C	0.000409652	0	1	Nei:2	0	0	0	0	0	0	0	0	0	0	
YBR094W	0.0626376	0	1	Nei:7	3	3	3	3	3	3	3	3	3	3	
YBR103W	0.0355377	1	1	Nei:29	0	4	4	4	4	4	4	4	4	5	
YBR109C	0.999561	1	1	Nei:80	6	14	14	15	15	15	15	15	16	17	
YBR111C	0.579248	1	1	noMapping	
YBR115C	0.0475252	1	1	Nei:2	0	0	0	0	0	0	0	0	0	0	
YBR118W	1	1	24	Nei:106	6	12	12	12	12	12	12	12	13	15	
YBR121C	0.00259243	1	1	noMapping	
YBR123C	0.0299289	0	1	Nei:8	0	0	0	0	0	0	0	0	0	0	
YBR127C	0.712363	1	1	Nei:114	4	6	6	6	7	7	7	7	9	12	
YBR140C	0.0411818	0	2	Nei:3	0	0	0	0	0	0	0	0	0	0	
YBR145W	0.0385916	1	1	Nei:3	0	0	0	0	0	0	0	0	0	0	
YBR150C	1.66413e-005	0	1	Nei:1	0	0	0	0	0	0	0	0	0	0	
YBR168W	0.013096	0	1	Nei:1	0	0	0	0	0	0	0	0	0	0	
YBR169C	0.377858	1	1	Nei:14	1	1	1	1	1	1	1	1	2	2	
YBR172C	2.70556e-005	0	1	Nei:2	0	0	0	0	0	0	0	0	0	0	
YBR173C	0.818581	0	1	Nei:5	0	0	0	0	0	0	0	0	0	0	
YBR176W	0.10792	0	1	Nei:9	0	0	0	0	0	0	0	0	0	2	
YBR181C	1	1	14	Nei:1	0	0	0	0	0	0	0	0	0	0	
YBR184W	9.40703e-005	0	1	Nei:3	0	0	0	0	0	0	0	0	0	0	
YBR185C	0.0571214	0	1	Nei:1	0	0	0	0	0	0	0	0	0	0	
YBR189W	0.999921	1	9	noMapping	
YBR191W	0.999999	1	7	noMapping	
YBR196C	1	1	3	Nei:120	5	6	6	6	6	6	6	6	9	9	
YBR198C	0.00546324	0	1	Nei:46	2	6	6	7	7	7	7	7	7	8	
YBR202W	0.00813514	0	1	Nei:6	0	0	0	0	0	0	0	0	0	0	
YBR208C	0.00091105	1	2	Nei:8	3	3	3	3	3	3	3	3	3	3	
YBR214W	0.0026046	1	1	Nei:1	0	0	0	0	0	0	0	0	0	0	
YBR215W	3.34411e-005	0	1	Nei:1	0	0	0	0	0	0	0	0	0	0	
YBR221C	1	1	11	Nei:17	4	4	5	5	5	5	6	6	6	6	
YBR225W	0.00254781	0	2	Nei:3	0	0	0	0	0	0	0	0	0	0	
YBR234C	0.117983	1	1	Nei:23	5	9	9	9	9	9	9	9	9	9	
YBR241C	0.204157	0	2	Nei:1	0	0	0	0	0	0	0	0	0	0	
YBR245C	0.000346019	1	1	Nei:20	1	1	1	1	1	1	1	1	1	2	
YBR255C-A	0.0730363	0	1	noMapping	
YBR263W	0.999989	1	3	Nei:2	1	1	1	1	1	1	1	1	1	1	
YBR267W	0.374423	0	1	Nei:4	2	2	2	2	2	2	2	3	3	3	
YBR273C	0.0112638	1	1	Nei:1	0	0	0	0	0	0	0	0	0	0	
YBR283C	0.119581	0	1	Nei:22	0	0	0	0	0	0	0	0	0	0	
YBR285W	0.00448924	0	1	Nei:2	0	0	0	0	0	0	0	0	0	0	
YBR286W	0.000317611	1	1	Nei:3	0	0	0	0	0	0	0	0	0	0	
YCL001W	0.00396413	0	1	noMapping	
YCL007C	0.0417093	0	1	Nei:1	0	0	0	0	0	0	0	0	0	0	
YCL014W	1.11048e-005	0	1	Nei:10	0	1	1	1	1	1	1	1	1	1	
YCL019W	0.0966419	0	1	Nei:4	0	0	0	0	0	0	0	0	0	0	
YCL029C	0.000211128	0	1	Nei:6	0	0	0	0	0	0	0	0	0	0	
YCL030C	0.994651	1	1	Nei:5	1	1	2	2	2	2	2	2	2	2	
YCL037C	1	1	5	Nei:28	1	3	3	3	3	3	3	3	3	3	
YCL039W	0.250608	0	2	Nei:23	4	8	8	8	8	8	8	8	8	9	
YCL042W	0.0492963	0	1	Nei:1	0	0	0	0	0	0	0	0	1	1	
YCL043C	0.999313	1	1	Nei:13	0	0	0	0	0	0	0	0	1	1	
YCL046W	0.0145955	0	1	Nei:4	0	0	0	0	0	0	0	0	0	0	
YCL050C	0.00531866	1	1	Nei:2	0	0	0	0	0	0	0	0	0	0	
YCL052C	0.382143	0	1	Nei:13	0	0	0	0	0	0	0	0	0	0	
YCL054W	0.999534	1	2	Nei:8	1	3	3	3	4	4	4	4	4	4	
YCR009C	1	1	4	Nei:37	5	8	8	9	9	9	9	10	12	13	
YCR012W	1	1	14	Nei:10	0	1	1	1	1	1	1	1	1	1	
YCR026C	0.0431093	0	1	noMapping	
YCR031C	0.999538	1	8	noMapping	
YCR042C	0.0786675	0	1	Nei:7	1	1	1	1	1	1	1	1	1	1	
YCR045C	0.000153233	0	1	Nei:1	0	0	0	0	0	0	0	0	0	0	
YCR048W	0.0383166	1	2	Nei:2	0	0	0	0	0	0	0	0	0	0	
YCR053W	0.995462	1	1	Nei:4	1	1	1	1	1	1	1	1	1	1	
YCR066W	0.000182608	0	1	Nei:9	0	0	0	0	0	0	0	0	0	0	
YCR069W	0.0743628	0	1	noMapping	
YCR076C	0.000464956	0	1	Nei:6	0	1	1	1	1	1	1	1	1	1	
YCR084C	4.77096e-005	1	1	Nei:20	3	5	5	5	5	5	5	5	5	5	
YDL003W	0.0866887	0	1	Nei:7	0	0	0	0	0	0	0	0	0	0	
YDL007W	0.0261215	1	1	Nei:14	0	0	0	0	0	0	0	0	0	0	
YDL014W	1	1	3	Nei:31	1	8	9	9	10	11	11	11	12	12	
YDL017W	5.13199e-005	0	1	Nei:53	7	10	10	11	11	11	11	11	11	12	
YDL022W	0.00453053	1	1	Nei:1	0	0	0	0	0	0	0	0	0	0	
YDL027C	0.0257706	0	1	noMapping	
YDL031W	0.920391	1	2	Nei:8	0	2	2	2	3	3	3	3	3	3	
YDL040C	0.921055	1	2	Nei:4	1	1	1	1	1	1	1	1	1	1	
YDL042C	0.00470382	0	1	Nei:14	3	3	3	3	3	3	3	3	3	3	
YDL055C	1	1	1	Nei:50	1	1	1	1	1	1	1	1	2	2	
YDL061C	0.382546	1	1	Nei:1	0	0	0	0	0	0	0	0	0	0	
YDL066W	7.68283e-005	1	1	Nei:1	0	0	0	0	0	0	0	0	0	0	
YDL067C	0.612633	0	2	Nei:4	0	0	0	0	0	0	0	0	0	0	
YDL075W	1	1	7	Nei:1	0	0	0	0	0	0	0	0	0	0	
YDL077C	0.0209383	0	2	Nei:6	0	0	0	0	0	0	0	0	0	0	
YDL078C	0.997143	1	1	Nei:1	0	0	0	0	0	0	0	0	0	0	
YDL080C	0.00821114	0	1	Nei:3	0	0	0	0	0	0	0	0	0	0	
YDL081C	1	1	4	Nei:9	2	2	2	2	2	2	2	2	2	2	
YDL082W	1	1	11	noMapping	
YDL083C	0.99874	1	8	noMapping	
YDL088C	0.0623207	0	1	Nei:3	0	0	0	0	0	0	0	0	0	0	
YDL092W	0.10775	1	1	Nei:2	0	0	0	0	0	0	0	0	0	0	
YDL093W	0.460214	0	1	Nei:3	0	0	0	0	0	0	0	0	0	0	
YDL102W	5.48304e-006	1	1	Nei:2	0	0	0	0	0	0	0	0	0	0	
YDL126C	1	1	3	Nei:99	2	6	6	6	6	6	6	6	8	10	
YDL130W	1	1	2	Nei:15	3	3	3	3	3	3	3	3	3	3	
YDL136W	0.910983	1	3	noMapping	
YDL143W	0.987712	1	1	Nei:23	0	1	1	1	1	1	1	1	1	3	
YDL144C	0.443652	0	1	Nei:1	0	0	0	0	0	0	0	0	0	0	
YDL145C	1.57825e-005	1	1	Nei:50	7	12	13	13	13	13	13	13	14	14	
YDL146W	0.000628006	0	1	Nei:2	0	0	0	0	0	0	0	0	0	0	
YDL148C	0.000266254	1	1	Nei:6	0	1	1	1	1	1	1	1	1	1	
YDL171C	9.3469e-005	1	1	Nei:5	1	1	1	1	1	1	1	1	1	1	
YDL185W	0.100799	1	2	Nei:45	2	3	3	4	5	5	5	5	6	6	
YDL191W	0.910983	0	3	noMapping	
YDL195W	0.0184361	1	1	Nei:16	3	5	5	5	6	6	6	6	6	6	
YDL205C	0.000168447	1	1	noMapping	
YDL212W	0.00703835	0	1	Nei:46	0	0	0	0	0	1	1	1	2	2	
YDL215C	0.207065	1	1	Nei:3	1	1	1	1	1	1	1	1	1	1	
YDL218W	0.00919335	0	1	Nei:1	0	0	0	0	0	0	0	0	0	0	
YDL219W	0.984248	0	1	Nei:2	0	0	0	0	0	0	0	0	0	0	
YDL220C	0.000209635	0	1	Nei:21	4	12	12	12	12	12	12	12	12	12	
YDL223C	0.000970119	1	1	noMapping	
YDL229W	1	1	21	Nei:49	1	4	4	4	4	4	4	4	4	4	
YDL238C	0.0183373	0	1	Nei:1	0	0	0	0	0	0	0	0	0	0	
YDL242W	0.264545	0	1	noMapping	
YDR011W	4.51298e-006	1	1	noMapping	
YDR012W	1	1	25	Nei:1	0	0	0	0	0	0	0	0	0	0	
YDR018C	0.0333675	0	1	Nei:1	0	0	0	0	0	0	0	0	0	0	
YDR025W	0.996118	0	7	noMapping	
YDR027C	0.0885654	0	2	Nei:6	0	0	0	0	0	0	0	0	0	0	
YDR034C-D	2.12322e-006	0	1	noMapping	
YDR036C	0.000755902	0	1	Nei:17	0	0	0	0	0	0	0	0	0	0	
YDR038C	0.00806505	0	1	Nei:2	0	0	0	0	0	0	0	0	0	0	
YDR039C	0.00806505	0	1	Nei:2	0	0	0	0	0	0	0	0	0	0	
YDR040C	0.699196	1	1	Nei:2	0	0	0	0	0	0	0	0	0	0	
YDR050C	1	1	5	Nei:1	0	0	0	0	0	0	0	0	0	0	
YDR060W	0.268045	1	2	Nei:28	6	14	14	14	15	15	15	15	15	15	
YDR064W	1	1	8	noMapping	
YDR072C	0.00203629	0	1	Nei:1	0	0	0	0	0	0	0	0	0	0	
YDR075W	0.15871	0	1	Nei:34	5	9	9	10	10	10	10	10	11	12	
YDR081C	0.00123391	0	1	noMapping	
YDR091C	1	1	8	Nei:8	0	2	2	2	2	2	2	2	2	2	
YDR093W	7.86689e-005	0	1	Nei:2	0	0	0	0	0	0	0	0	0	0	
YDR098C-A	7.21992e-006	0	1	noMapping	
YDR098C-B	1.383e-006	0	2	noMapping	
YDR099W	0.999422	1	1	Nei:67	1	6	6	6	6	6	6	6	6	7	
YDR101C	0.363326	1	2	Nei:15	5	6	6	6	6	6	6	7	7	7	
YDR102C	0.682955	0	1	Nei:3	0	0	0	0	0	0	0	0	0	0	
YDR104C	1.89501e-005	0	1	noMapping	
YDR120C	0.0192329	1	2	Nei:4	0	0	0	0	0	0	0	0	0	0	
YDR122W	0.0609445	1	2	Nei:3	0	0	0	0	0	0	0	0	0	0	
YDR127W	8.9724e-006	1	1	Nei:24	2	2	2	2	2	2	2	2	2	2	
YDR129C	0.000454863	1	1	Nei:14	3	6	6	6	7	7	7	7	7	8	
YDR133C	0.25214	0	1	Nei:2	0	0	0	0	0	0	0	0	0	0	
YDR142C	0.00404719	0	1	Nei:52	9	13	14	15	15	15	15	15	15	16	
YDR147W	8.83026e-005	0	1	noMapping	
YDR148C	0.986791	1	2	Nei:40	2	4	5	5	5	5	6	6	7	7	
YDR155C	0.999878	1	2	Nei:29	0	1	1	1	1	1	1	1	1	1	
YDR161W	0.00067052	1	1	noMapping	
YDR164C	0.0215272	0	1	Nei:7	2	2	2	2	2	2	2	2	2	2	
YDR169C	8.92979e-005	1	1	Nei:2	0	0	0	0	0	0	0	0	0	0	
YDR170C	1.23906e-006	1	1	Nei:25	1	1	2	2	3	3	3	3	4	4	
YDR172W	0.000118096	1	1	Nei:12	0	1	1	1	1	1	1	2	2	2	
YDR176W	0.00472374	0	1	Nei:25	0	0	0	0	0	0	0	0	0	0	
YDR180W	0.00144806	0	2	Nei:4	0	0	0	0	0	0	0	0	0	0	
YDR188W	0.854731	1	1	Nei:18	1	2	2	2	2	2	2	2	2	3	
YDR189W	2.96813e-005	1	1	Nei:8	0	0	0	0	0	0	0	0	0	0	
YDR192C	0.059712	0	1	Nei:31	5	5	6	6	7	7	7	8	8	8	
YDR207C	0.250975	0	2	Nei:13	0	0	0	0	0	0	0	0	0	0	
YDR208W	0.000115323	0	1	noMapping	
YDR210C-C	8.8423e-006	0	1	noMapping	
YDR210C-D	1.383e-006	0	2	noMapping	
YDR210W-B	2.18102e-006	0	1	noMapping	
YDR213W	0.000325093	0	1	Nei:1	0	0	0	0	0	0	0	0	0	0	
YDR221W	8.66024e-005	0	1	Nei:1	0	0	0	0	0	0	0	0	0	0	
YDR224C	0.017534	1	1	Nei:23	0	1	1	1	1	1	1	1	1	1	
YDR238C	0.25292	1	1	Nei:12	0	2	2	2	2	2	2	2	2	2	
YDR239C	8.03998e-005	0	1	Nei:1	0	0	0	0	0	0	0	0	0	0	
YDR243C	6.81604e-005	1	1	Nei:5	0	0	0	0	0	0	0	0	0	0	
YDR245W	0.531368	0	1	Nei:5	0	1	1	1	1	1	1	1	1	2	
YDR261C	0.000977312	0	1	noMapping	
YDR261C-C	7.21992e-006	0	1	noMapping	
YDR261C-D	1.7661e-006	0	2	noMapping	
YDR261W-B	0.0961723	0	1	Nei:2	0	0	0	0	0	0	0	0	0	0	
YDR270W	0.109296	0	1	noMapping	
YDR283C	0.0259663	1	1	Nei:14	3	3	3	3	3	3	3	3	3	3	
YDR285W	0.00577376	0	1	Nei:9	0	0	0	0	0	0	0	0	0	0	
YDR288W	0.000253015	0	1	Nei:2	0	0	0	0	0	0	0	0	0	0	
YDR292C	0.109891	1	3	Nei:3	0	1	1	1	1	1	1	1	1	1	
YDR294C	0.00214217	0	1	Nei:2	0	0	0	0	0	0	0	0	0	0	
YDR295C	5.10061e-005	0	1	Nei:10	0	0	0	0	0	0	0	0	0	0	
YDR300C	0.000277804	1	1	Nei:6	0	0	0	0	0	0	0	0	0	0	
YDR316W-A	0.998204	0	1	Nei:1	0	0	0	0	0	0	0	0	0	0	
YDR316W-B	1.32989e-006	0	2	noMapping	
YDR323C	0.0122825	0	1	Nei:1	0	0	0	0	0	0	0	0	0	0	
YDR324C	0.0639984	0	2	Nei:9	1	2	2	2	2	2	2	2	2	2	
YDR325W	3.38332e-007	1	1	noMapping	
YDR332W	3.09388e-005	0	1	Nei:1	0	0	0	0	0	0	0	0	0	0	
YDR334W	0.000458292	0	1	Nei:15	1	1	1	1	1	1	1	1	1	1	
YDR335W	0.0259947	0	2	Nei:24	2	2	2	2	2	2	2	2	2	2	
YDR341C	0.00281304	1	1	Nei:3	0	0	0	0	0	0	0	0	0	0	
YDR346C	0.113432	1	2	Nei:1	0	0	0	0	0	0	0	0	0	0	
YDR353W	0.65441	1	1	Nei:10	0	0	0	0	0	0	0	0	0	0	
YDR356W	0.0299968	0	2	Nei:6	0	1	1	1	1	1	1	1	1	1	
YDR359C	6.12852e-006	0	1	Nei:6	0	0	0	0	0	0	0	0	0	0	
YDR363W	0.0323448	0	1	Nei:2	0	0	0	0	0	0	0	0	0	0	
YDR365W-A	7.21992e-006	0	1	noMapping	
YDR365W-B	1.32989e-006	0	2	noMapping	
YDR368W	7.49922e-005	1	1	Nei:1	0	0	0	0	0	0	0	0	0	0	
YDR374C	0.000220021	0	1	Nei:1	0	0	0	0	0	0	0	0	0	0	
YDR381C-A	0.00553287	0	1	noMapping	
YDR381W	0.883478	1	1	Nei:22	0	0	2	2	2	2	4	4	4	4	
YDR382W	1	1	6	Nei:9	4	4	5	5	5	5	5	5	6	6	
YDR385W	0.999999	1	5	Nei:22	1	2	2	2	2	2	2	2	3	3	
YDR388W	0.284378	1	2	Nei:108	14	24	25	26	26	26	27	27	29	30	
YDR390C	0.000149479	0	1	Nei:4	0	0	0	0	0	0	0	0	1	1	
YDR403W	0.004619	0	1	Nei:1	0	0	0	0	0	0	0	0	0	0	
YDR406W	0.220151	0	2	Nei:1	0	0	0	0	0	0	0	0	0	0	
YDR415C	0.0216881	0	1	Nei:3	0	0	0	0	0	0	0	0	0	0	
YDR418W	1	1	9	Nei:6	4	4	4	4	4	4	4	4	4	4	
YDR422C	0.019756	0	2	Nei:10	0	0	0	0	0	0	0	0	0	0	
YDR427W	4.90365e-005	1	1	Nei:22	0	1	1	1	1	1	1	1	1	1	
YDR429C	1	1	1	Nei:15	0	5	5	5	5	5	5	5	5	5	
YDR430C	2.48349e-005	1	1	Nei:6	5	5	5	5	5	5	5	5	5	5	
YDR432W	1	1	3	Nei:11	0	1	1	1	1	2	2	2	2	2	
YDR436W	0.0381246	0	1	Nei:5	1	1	1	1	1	1	1	1	1	1	
YDR443C	0.00415408	0	2	Nei:13	0	0	0	0	0	0	0	0	0	1	
YDR444W	0.000175536	0	1	Nei:1	0	0	0	0	0	0	0	0	0	0	
YDR447C	1	1	8	noMapping	
YDR450W	0.997612	1	8	Nei:1	0	0	0	0	0	0	0	0	0	0	
YDR457W	3.78762e-005	1	1	Nei:3	0	0	0	0	0	0	0	0	0	0	
YDR462W	0.226578	0	1	Nei:4	0	0	0	0	0	0	0	0	0	0	
YDR464W	0.000136493	1	1	Nei:2	0	0	0	0	0	0	0	0	0	0	
YDR466W	0.104287	0	1	Nei:1	0	0	0	0	0	0	0	0	0	0	
YDR471W	1	1	10	noMapping	
YDR475C	0.793065	0	1	noMapping	
YDR476C	0.0887515	0	1	noMapping	
YDR482C	0.0024639	0	1	Nei:5	1	1	1	1	1	1	1	1	1	1	
YDR483W	0.159099	1	1	Nei:2	0	0	0	0	0	0	0	0	0	0	
YDR487C	0.999736	1	1	Nei:1	0	0	0	0	0	0	0	0	0	0	
YDR489W	0.0899479	0	1	Nei:8	0	0	0	0	0	0	0	0	0	0	
YDR496C	0.950023	1	3	Nei:20	0	5	5	5	5	6	6	6	6	6	
YDR502C	0.752981	1	1	Nei:32	0	0	0	0	0	0	0	0	0	0	
YDR508C	0.585859	0	2	Nei:9	0	0	0	0	0	0	0	0	0	0	
YDR516C	2.65645e-005	1	1	Nei:4	0	0	0	0	0	0	0	0	0	0	
YDR522C	4.02425e-005	0	1	Nei:1	1	1	1	1	1	1	1	1	1	1	
YDR545W	1.0383e-009	0	1	noMapping	
YEL004W	0.00374158	0	1	Nei:2	0	0	0	1	1	1	1	1	1	1	
YEL013W	0.0232454	1	1	Nei:10	1	1	1	1	1	1	1	1	1	1	
YEL018W	0.000674608	0	1	Nei:3	0	0	0	0	0	0	0	0	0	0	
YEL025C	0.00685898	0	1	noMapping	
YEL026W	0.997714	1	1	Nei:5	0	0	0	0	0	0	0	0	1	1	
YEL030W	0.9326	1	1	Nei:15	0	0	0	0	0	0	0	0	0	0	
YEL034C-A	0.0331807	0	1	noMapping	
YEL034W	1	1	6	Nei:15	1	2	2	2	2	2	2	2	2	2	
YEL036C	0.12444	1	1	Nei:8	0	1	1	1	1	2	2	3	3	3	
YEL037C	0.0148671	1	1	Nei:38	2	4	4	4	4	4	4	4	4	4	
YEL042W	5.83299e-005	1	1	Nei:6	0	0	0	0	0	0	0	0	0	0	
YEL047C	0.00105983	1	1	Nei:1	0	0	0	0	0	0	0	0	0	0	
YEL054C	0.999603	0	9	noMapping	
YEL069C	0.0068137	0	1	Nei:3	0	0	0	0	0	0	0	0	0	0	
YEL071W	0.0307144	1	1	Nei:2	0	1	1	1	1	1	1	1	1	1	
YEL077C	4.62434e-009	0	1	Nei:2	0	0	0	0	0	0	0	0	0	0	
YER001W	5.5384e-005	0	1	Nei:1	0	0	0	0	0	0	0	0	0	0	
YER006W	1	1	8	Nei:18	3	5	5	5	6	6	6	6	6	6	
YER007C-A	0.99977	1	1	Nei:3	0	0	0	0	0	0	0	0	0	0	
YER017C	0.000260181	1	1	Nei:18	7	10	10	11	11	11	11	11	11	11	
YER024W	9.20737e-006	0	1	noMapping	
YER025W	0.951207	1	1	Nei:24	3	8	8	8	8	8	8	8	8	8	
YER028C	0.000735574	0	1	Nei:2	0	0	0	0	0	0	0	0	0	0	
YER036C	1	1	1	Nei:6	0	2	2	2	2	2	2	3	3	3	
YER043C	0.988233	1	2	Nei:40	2	4	4	4	4	4	4	4	5	5	
YER047C	2.93205e-005	0	1	Nei:8	0	0	0	0	0	0	0	0	0	0	
YER056C-A	0.217626	1	1	noMapping	
YER061C	0.000174646	0	1	Nei:1	0	0	0	0	0	0	0	0	0	0	
YER062C	0.134869	1	1	Nei:6	0	0	0	0	0	0	0	0	0	0	
YER064C	0.000124516	0	1	Nei:5	0	0	0	0	0	0	0	0	0	0	
YER068W	0.00226684	0	1	Nei:9	0	0	0	0	0	0	2	2	2	2	
YER073W	0.000145287	1	1	Nei:5	0	0	0	0	0	0	0	0	0	0	
YER074W	0.99844	1	8	noMapping	
YER086W	0.0173355	1	1	Nei:12	1	1	1	1	1	1	1	1	1	1	
YER089C	0.350142	1	2	Nei:2	0	0	0	0	0	0	0	0	0	0	
YER091C	1	1	4	Nei:37	1	4	4	4	4	4	4	4	6	7	
YER093C	0.00329513	0	1	Nei:7	0	0	0	0	0	0	0	0	0	0	
YER101C	6.39276e-005	0	1	Nei:1	0	0	0	0	0	0	0	0	0	0	
YER102W	0.999095	1	9	noMapping	
YER103W	1	1	4	Nei:21	1	3	4	4	4	4	4	4	5	5	
YER105C	0.0260963	0	1	Nei:9	0	0	0	0	0	0	0	0	0	0	
YER109C	0.00241508	0	2	Nei:1	0	0	0	0	0	0	0	0	0	0	
YER111C	0.000238763	1	1	Nei:3	0	0	0	0	0	0	0	0	0	0	
YER112W	0.98944	0	1	Nei:45	3	4	4	4	4	4	4	4	6	6	
YER117W	0.981554	1	6	noMapping	
YER118C	0.000543767	0	1	Nei:43	0	1	1	1	1	1	1	1	1	1	
YER130C	0.550855	0	1	noMapping	
YER131W	1	1	2	Nei:3	0	0	0	0	0	0	0	0	0	1	
YER136W	0.000104044	1	1	Nei:16	0	0	0	0	0	0	0	0	1	2	
YER137C-A	7.21992e-006	0	1	noMapping	
YER138C	1.27936e-006	1	2	Nei:6	0	0	0	0	0	0	0	0	0	0	
YER141W	0.00165357	1	1	noMapping	
YER143W	0.0206563	1	1	Nei:6	0	0	0	0	0	0	0	0	0	0	
YER144C	1.77963e-005	0	1	Nei:5	0	0	0	0	0	0	0	0	0	0	
YER147C	0.00114708	0	1	Nei:3	0	0	0	0	0	0	0	0	0	0	
YER149C	0.00155766	0	1	Nei:10	0	0	0	0	0	0	0	0	0	0	
YER156C	0.000622447	1	1	Nei:3	0	0	0	0	0	0	0	0	0	1	
YER159C-A	7.21992e-006	0	1	noMapping	
YER160C	0.998402	0	2	Nei:2	0	0	0	0	0	0	0	0	0	0	
YER164W	0.143827	1	3	Nei:10	1	1	1	1	1	1	1	1	1	1	
YER165W	1	1	14	Nei:62	2	3	3	3	4	4	4	4	5	6	
YER166W	0.0341073	1	2	Nei:2	0	0	0	0	0	0	0	0	0	0	
YER168C	0.000266442	1	1	Nei:2	1	1	1	1	1	1	1	1	1	1	
YER170W	0.828022	0	1	Nei:1	0	0	0	0	0	0	0	0	0	0	
YER172C-A	0.00202003	0	1	noMapping	
YER176W	0.0011781	0	1	Nei:1	0	0	0	0	0	0	0	0	0	0	
YER177W	0.999422	1	1	Nei:86	1	5	5	5	5	5	5	5	5	5	
YER178W	1	1	13	Nei:27	1	3	3	3	3	3	4	4	4	5	
YER190W	1.32534e-009	0	1	noMapping	
YFL001W	0.00126941	1	1	Nei:1	0	0	0	0	0	0	0	0	0	0	
YFL002C	0.000866412	1	1	Nei:4	1	2	2	2	2	2	2	2	2	2	
YFL002W-A	2.24097e-006	0	1	Nei:2	0	0	0	0	0	0	0	0	0	0	
YFL008W	8.11046e-006	0	1	Nei:26	1	1	1	1	1	1	1	1	1	1	
YFL015W-A	0.352386	0	2	noMapping	
YFL016C	0.00271574	1	1	Nei:33	0	2	2	2	2	2	2	2	3	4	
YFL018C	1	1	6	Nei:48	1	2	2	2	2	2	2	2	4	4	
YFL021W	0.0225594	0	1	Nei:5	0	0	0	0	0	0	0	0	0	0	
YFL023W	9.33459e-006	0	1	Nei:5	0	0	0	0	0	0	0	0	0	0	
YFL027C	0.000387638	0	1	Nei:3	0	0	0	0	0	0	0	0	0	0	
YFL028C	0.000343954	1	1	Nei:4	0	0	0	0	0	0	0	0	0	0	
YFL034C-A	1	1	4	noMapping	
YFL036W	0.00307442	1	1	Nei:2	0	0	0	0	0	0	0	0	0	0	
YFL038C	0.147348	1	1	Nei:24	1	2	2	2	2	2	2	2	2	2	
YFL039C	1	1	3	Nei:128	4	8	8	8	8	8	8	8	10	11	
YFL040W	0.0096612	0	1	Nei:7	0	0	0	0	0	0	0	0	0	0	
YFL041W	0.00233688	1	1	Nei:17	0	0	0	1	1	1	1	1	1	1	
YFL048C	0.824081	1	1	Nei:10	0	0	0	0	0	0	0	0	0	0	
YFL049W	0.982252	0	2	Nei:5	0	0	0	0	0	0	0	0	0	0	
YFL050C	0.000179301	0	1	Nei:2	0	0	0	0	0	0	0	0	0	0	
YFL067W	0.00259961	0	1	Nei:1	0	0	0	0	0	0	0	0	0	0	
YFR003C	0.0347251	0	1	Nei:4	0	0	0	0	0	0	0	0	0	0	
YFR006W	4.36408e-005	1	1	Nei:1	0	0	0	0	0	0	0	0	0	0	
YFR010W-A	0.49096	0	1	noMapping	
YFR013W	0.00354695	0	2	Nei:4	0	0	0	0	0	0	0	0	0	0	
YFR016C	3.36977e-006	1	1	Nei:10	1	4	4	4	4	4	4	4	4	4	
YFR024C-A	0.00964833	1	1	Nei:30	0	0	0	0	0	0	0	0	0	0	
YFR028C	0.00225668	1	1	Nei:47	6	10	11	11	11	11	11	11	11	11	
YFR030W	6.46187e-006	0	1	Nei:13	0	1	1	1	1	1	1	1	1	1	
YFR031C-A	1	1	8	Nei:12	5	8	8	8	9	9	9	10	10	10	
YFR032C-A	0.992532	0	1	noMapping	
YFR034C	0.000215494	0	1	Nei:13	0	0	1	1	1	1	1	1	1	1	
YFR044C	0.287984	1	1	Nei:2	0	1	1	1	1	1	1	1	1	1	
YFR048W	0.0459909	0	1	noMapping	
YFR051C	0.0611772	1	1	Nei:14	0	2	3	3	3	3	3	3	4	4	
YGL006W	0.00217615	0	1	Nei:3	0	0	0	0	0	0	0	0	0	0	
YGL008C	1	1	9	Nei:15	0	1	1	1	1	1	1	1	1	1	
YGL009C	0.00440603	1	1	Nei:1	1	1	1	1	1	1	1	1	1	1	
YGL014W	0.0019135	1	2	Nei:3	0	0	0	0	0	0	0	0	0	0	
YGL021W	0.00152388	0	1	Nei:3	0	0	0	0	0	0	0	0	0	0	
YGL026C	0.00012035	1	1	Nei:5	0	0	0	0	0	0	0	0	1	1	
YGL030W	1	1	7	Nei:2	0	0	0	0	0	0	0	0	0	0	
YGL031C	1	1	6	noMapping	
YGL049C	0.972239	1	1	Nei:20	3	4	4	4	4	5	5	5	5	5	
YGL066W	0.0100886	0	1	Nei:3	0	0	0	0	0	0	0	0	0	0	
YGL068W	1	1	3	Nei:6	1	3	3	3	3	3	3	3	3	3	
YGL072C	0.188922	0	1	noMapping	
YGL076C	0.999982	1	15	noMapping	
YGL090W	0.221659	0	1	Nei:9	0	1	1	1	1	1	1	1	2	2	
YGL092W	0.0378119	1	1	Nei:20	0	0	0	0	0	0	1	1	1	1	
YGL099W	1	1	3	Nei:8	3	4	4	4	4	4	4	6	6	6	
YGL103W	1	1	9	noMapping	
YGL105W	0.496279	1	1	Nei:8	0	0	0	0	0	0	0	0	0	0	
YGL106W	0.948755	1	1	Nei:6	0	1	1	1	1	1	1	1	1	1	
YGL108C	0.0743229	0	1	noMapping	
YGL115W	0.00078118	0	1	Nei:27	1	3	3	3	3	3	3	3	3	5	
YGL119W	0.112983	1	2	Nei:1	0	0	0	0	0	0	0	0	0	0	
YGL123W	1	1	19	noMapping	
YGL130W	0.814203	1	1	Nei:20	5	9	9	9	9	9	9	9	9	9	
YGL131C	3.47845e-006	0	1	Nei:7	1	1	1	1	1	1	1	1	1	1	
YGL135W	1	1	9	Nei:3	0	0	0	0	0	0	0	0	0	0	
YGL137W	0.996858	1	1	Nei:111	17	26	28	29	29	29	29	29	30	30	
YGL144C	9.11463e-005	0	1	noMapping	
YGL145W	0.00019486	0	1	Nei:6	0	0	0	0	0	0	0	0	0	0	
YGL147C	1	1	8	Nei:1	0	0	0	0	0	0	0	0	0	0	
YGL158W	0.175759	0	2	Nei:17	3	6	6	6	6	6	6	6	6	6	
YGL160W	7.81062e-005	0	1	noMapping	
YGL162W	0.0252841	0	1	Nei:1	0	0	0	0	0	0	0	0	0	0	
YGL163C	0.092572	0	1	Nei:23	5	9	9	10	10	10	10	10	10	10	
YGL164C	5.71615e-005	0	1	noMapping	
YGL171W	0.0504016	1	1	Nei:4	0	1	1	1	1	1	1	1	1	1	
YGL173C	0.999992	1	4	Nei:46	1	3	3	3	4	4	4	4	4	6	
YGL180W	0.361942	0	1	Nei:4	0	0	0	0	0	0	0	0	0	0	
YGL184C	0.00577781	0	1	Nei:1	0	0	0	0	0	0	0	0	0	0	
YGL189C	1	1	2	Nei:4	0	0	0	0	0	0	0	0	0	1	
YGL192W	0.0218975	0	1	Nei:3	0	0	0	0	0	0	0	0	0	0	
YGL195W	0.999995	1	4	Nei:19	0	1	1	1	2	2	2	2	2	2	
YGL197W	3.23771e-005	1	1	Nei:4	0	0	0	0	0	0	1	1	1	1	
YGL216W	2.09884e-005	0	1	Nei:3	0	1	1	1	1	1	1	1	1	1	
YGL225W	0.870817	0	1	Nei:4	0	0	0	0	0	0	0	0	0	0	
YGL234W	0.997718	1	1	Nei:15	0	1	1	1	1	1	1	1	2	2	
YGL245W	0.0977817	1	1	Nei:27	2	2	2	2	2	2	3	3	4	4	
YGL253W	1	1	3	Nei:14	1	4	4	4	4	4	4	4	5	5	
YGR001C	0.00470384	0	1	noMapping	
YGR013W	0.0109752	0	1	Nei:18	0	0	0	0	0	0	0	0	0	0	
YGR027C	0.795108	1	3	noMapping	
YGR027W-A	7.21992e-006	0	1	noMapping	
YGR027W-B	1.32989e-006	0	2	noMapping	
YGR028W	0.00303291	0	1	Nei:1	0	0	0	0	0	0	0	0	0	0	
YGR032W	0.64093	1	2	Nei:1	0	0	0	0	0	0	0	0	0	0	
YGR034W	1	1	7	Nei:1	0	1	1	1	1	1	1	1	1	1	
YGR038C-A	7.21992e-006	0	1	noMapping	
YGR038C-B	1.32989e-006	0	2	noMapping	
YGR041W	0.320789	0	1	Nei:6	0	0	0	0	0	0	0	2	2	2	
YGR054W	0.994138	1	3	Nei:8	1	4	4	4	4	4	4	4	4	4	
YGR056W	0.00207498	0	1	Nei:3	0	0	0	0	0	0	0	0	0	0	
YGR067C	0.000831611	0	1	Nei:11	4	4	4	5	5	5	5	5	5	5	
YGR071C	7.48455e-005	0	1	Nei:3	0	0	0	0	0	0	0	0	0	0	
YGR082W	0.0180832	1	1	Nei:8	0	0	0	0	0	0	0	0	0	0	
YGR085C	0.974336	1	5	Nei:2	0	0	0	0	0	0	0	0	0	0	
YGR087C	0.156158	1	2	Nei:8	0	0	0	0	0	0	0	0	0	0	
YGR089W	2.20553e-005	0	1	Nei:12	0	0	0	0	0	0	0	0	0	0	
YGR090W	0.908852	1	3	Nei:51	2	6	6	7	7	7	7	7	7	8	
YGR093W	3.6953e-005	0	1	noMapping	
YGR097W	0.0081348	0	2	Nei:5	0	0	0	0	0	0	0	0	0	0	
YGR098C	0.000232138	0	1	Nei:3	0	0	0	0	0	0	0	0	1	1	
YGR100W	2.73197e-005	0	1	Nei:2	0	0	0	0	0	0	0	0	0	0	
YGR101W	0.0317425	0	1	Nei:3	0	0	0	0	0	1	1	1	1	1	
YGR103W	0.693606	1	2	Nei:39	7	15	15	15	15	15	15	15	16	16	
YGR104C	0.013294	0	1	Nei:14	0	0	0	0	0	0	0	0	0	0	
YGR116W	3.24311e-005	1	1	Nei:6	0	0	0	0	0	0	0	0	0	0	
YGR118W	1	1	2	Nei:8	1	2	2	2	2	2	2	2	2	2	
YGR134W	0.480336	0	1	Nei:9	0	0	0	0	0	0	1	1	1	1	
YGR138C	0.00848942	0	1	Nei:1	0	0	0	0	0	0	0	0	0	0	
YGR144W	0.0042571	0	1	Nei:9	0	1	1	1	1	1	1	1	1	1	
YGR148C	0.999771	1	6	Nei:1	0	0	0	0	0	0	0	0	0	0	
YGR152C	0.00115379	0	1	Nei:6	0	0	0	0	0	0	0	0	0	0	
YGR155W	1	1	2	Nei:23	1	2	2	2	2	2	2	2	3	3	
YGR157W	8.83696e-006	1	1	Nei:1	0	0	0	0	0	0	0	0	0	0	
YGR161C-C	7.21992e-006	0	1	noMapping	
YGR161C-D	1.18547e-006	0	2	noMapping	
YGR161W-B	2.24097e-006	0	1	noMapping	
YGR162W	1	1	3	Nei:36	6	8	8	8	8	8	8	8	8	8	
YGR167W	0.0373688	1	1	Nei:4	0	0	0	0	0	0	0	0	0	0	
YGR169C-A	1	0	3	noMapping	
YGR173W	0.987889	1	4	Nei:12	2	3	4	4	4	4	4	4	4	4	
YGR177C	0.0723256	1	1	Nei:1	0	0	0	0	0	0	0	0	0	0	
YGR180C	0.999538	1	2	Nei:10	0	0	0	0	0	0	0	0	0	0	
YGR184C	0.000399495	1	1	Nei:12	0	0	0	0	0	0	0	0	0	0	
YGR186W	2.72691e-005	1	1	Nei:8	0	0	0	0	0	0	0	0	0	0	
YGR192C	1	1	11	Nei:10	0	0	0	0	0	0	0	0	0	1	
YGR193C	1	1	9	Nei:5	1	1	1	1	1	1	1	1	1	1	
YGR194C	6.83087e-005	0	1	Nei:1	0	0	0	0	0	0	0	0	0	0	
YGR204W	1	1	19	Nei:4	1	1	1	1	1	1	1	1	1	1	
YGR214W	1	1	12	Nei:3	0	1	1	1	1	1	1	1	1	1	
YGR217W	1.13349e-005	0	1	noMapping	
YGR220C	0.0262747	0	1	Nei:32	1	1	1	1	1	1	1	1	2	2	
YGR233C	0.000165105	1	1	Nei:7	0	0	0	0	0	0	0	0	0	0	
YGR236C	0.535534	0	1	Nei:2	0	0	0	0	0	0	0	0	0	0	
YGR240C	1	1	3	Nei:36	1	3	3	3	3	3	3	3	3	3	
YGR244C	0.0110943	1	1	Nei:1	0	0	0	0	0	0	0	0	0	0	
YGR245C	1	1	2	Nei:18	3	7	7	7	8	8	8	9	9	9	
YGR250C	0.73027	1	1	Nei:4	0	1	1	1	1	1	1	1	1	1	
YGR254W	1	1	7	Nei:66	2	5	5	5	5	5	5	5	6	8	
YGR257C	0.00115741	0	1	Nei:2	0	0	0	0	0	0	0	0	0	0	
YGR263C	0.000708974	0	1	Nei:4	0	0	0	0	0	0	0	0	0	0	
YGR264C	0.000113157	1	1	Nei:4	0	0	0	0	0	0	1	1	1	1	
YGR271C-A	0.015936	0	1	noMapping	
YGR271W	0.000308148	1	1	Nei:1	0	0	0	0	0	0	0	0	0	0	
YGR275W	0.0950218	0	1	Nei:2	0	0	0	0	0	0	0	0	0	0	
YGR279C	0.190817	1	1	Nei:1	0	0	0	0	0	0	0	0	0	0	
YGR285C	1	1	13	Nei:12	3	4	4	4	4	4	4	4	4	4	
YGR296W	0.000814092	0	1	Nei:3	0	0	0	0	0	0	0	0	0	0	
YHL001W	0.997405	1	8	Nei:1	0	0	0	0	0	0	0	0	0	0	
YHL005C	0.192487	0	1	Nei:1	0	0	0	0	0	0	0	0	0	0	
YHL007C	0.00484846	1	1	Nei:25	5	9	9	10	10	10	10	10	10	10	
YHL009W-B	3.66152e-006	0	1	noMapping	
YHL015W	1	1	6	Nei:2	0	0	0	0	0	0	0	0	0	0	
YHL026C	0.00579992	0	1	Nei:3	0	0	0	0	0	0	0	0	0	0	
YHL032C	0.00890682	0	1	Nei:1	0	0	0	0	0	0	0	0	0	0	
YHL033C	1	1	12	Nei:1	0	0	0	0	0	0	0	0	0	0	
YHL036W	0.0422952	0	1	Nei:1	0	0	0	0	0	0	0	0	0	0	
YHL038C	0.00124025	0	1	Nei:1	0	0	0	0	0	0	0	0	0	0	
YHL050C	6.04589e-008	0	1	Nei:1	0	0	0	0	0	0	0	0	0	0	
YHR007C	0.559403	1	1	Nei:14	0	0	0	0	0	0	0	0	0	0	
YHR008C	0.0108137	1	1	Nei:6	0	0	0	0	0	0	0	0	0	0	
YHR009C	0.964404	1	1	Nei:4	0	0	0	0	0	0	0	0	0	0	
YHR010W	1	0	10	noMapping	
YHR018C	0.00393113	1	1	Nei:3	0	1	1	1	1	1	1	1	1	1	
YHR021C	0.967767	1	4	noMapping	
YHR023W	8.08746e-006	1	1	Nei:13	1	2	2	2	2	2	2	2	2	2	
YHR037W	0.512145	1	2	noMapping	
YHR039C	0.00229395	1	1	Nei:2	0	0	0	0	0	0	0	0	0	0	
YHR045W	0.00373489	0	1	Nei:1	0	0	0	0	0	0	0	0	0	0	
YHR047C	0.289492	1	2	Nei:1	0	0	0	0	0	0	0	0	0	0	
YHR052W	1	1	3	Nei:29	4	10	10	10	10	10	10	10	12	12	
YHR056C	0.00177978	0	1	Nei:4	0	1	1	1	1	1	1	1	1	1	
YHR056W-A	0.00954838	0	1	noMapping	
YHR060W	0.0121673	0	1	Nei:11	0	0	0	0	0	0	0	0	0	0	
YHR063C	0.0288628	0	1	Nei:1	0	0	0	0	0	0	0	0	1	1	
YHR063W-A	0.00374191	0	1	noMapping	
YHR064C	1	1	23	Nei:13	1	1	1	1	1	1	1	1	1	2	
YHR071W	0.947922	0	1	Nei:1	0	0	0	0	0	0	0	0	0	0	
YHR073W	1.45014e-005	1	1	Nei:3	1	2	2	2	2	2	2	2	2	2	
YHR077C	2.82729e-006	1	1	Nei:8	0	0	0	0	0	0	0	0	0	0	
YHR080C	0.367545	0	1	Nei:1	0	0	0	0	0	0	0	0	0	1	
YHR082C	0.0449946	0	1	Nei:48	3	4	4	4	4	4	4	4	4	5	
YHR087W	0.00466432	0	1	Nei:3	1	1	1	1	1	1	1	1	1	1	
YHR089C	0.509109	1	1	Nei:22	0	6	6	6	6	6	6	6	6	6	
YHR090C	0.000482134	0	1	Nei:6	0	0	0	0	0	0	0	0	0	0	
YHR102W	3.05522e-005	0	1	Nei:13	1	1	1	1	1	1	1	1	1	2	
YHR103W	0.0787946	1	1	Nei:4	0	0	0	0	0	0	0	0	0	0	
YHR126C	0.00916814	0	1	noMapping	
YHR132C	0.0439695	1	1	Nei:2	0	0	0	0	0	0	0	0	0	0	
YHR147C	0.0650385	0	1	Nei:3	0	0	0	0	0	0	0	0	0	0	
YHR148W	0.141524	0	1	Nei:7	0	1	1	1	1	1	1	1	1	1	
YHR155W	0.05315	0	2	noMapping	
YHR158C	0.551423	1	2	Nei:19	0	0	0	0	0	2	2	3	3	3	
YHR164C	0.450481	0	1	Nei:8	0	0	0	0	0	0	0	0	0	0	
YHR169W	0.00124947	0	1	Nei:29	6	10	11	11	11	11	11	11	12	12	
YHR170W	1	1	1	Nei:14	3	3	3	3	3	3	3	5	5	5	
YHR174W	1	1	15	Nei:10	0	0	0	0	0	0	0	0	0	0	
YHR178W	0.000104278	0	1	Nei:13	1	1	1	1	1	1	1	1	1	1	
YHR183W	0.97275	1	2	Nei:23	2	3	4	4	4	4	4	4	5	5	
YHR189W	0.018172	0	1	Nei:2	0	0	0	0	0	0	0	0	0	0	
YHR193C	1	1	8	Nei:7	1	1	1	1	1	1	1	1	1	1	
YHR196W	0.097518	1	1	Nei:18	4	9	9	9	9	9	9	10	10	11	
YHR197W	0.997321	1	2	Nei:21	2	5	5	5	5	5	5	5	5	5	
YHR199C-A	0.194418	0	1	noMapping	
YHR203C	1	1	20	Nei:2	0	0	0	0	0	0	0	0	0	0	
YHR206W	0.000158399	0	1	Nei:7	0	0	0	0	0	0	0	0	0	0	
YHR207C	0.000126258	0	1	Nei:3	0	0	0	0	0	0	0	0	0	0	
YHR208W	0.990911	1	2	Nei:3	0	0	1	1	1	1	1	1	1	1	
YHR210C	0.000633565	0	1	noMapping	
YHR212C	0.0147622	0	1	noMapping	
YHR214C-B	1.18547e-006	0	2	noMapping	
YHR214C-C	5.95382e-006	0	1	noMapping	
YHR216W	0.885117	1	7	Nei:9	0	0	0	0	0	0	0	0	0	0	
YHR219W	1.87622e-007	0	1	noMapping	
YIL001W	0.27635	0	1	Nei:1	0	0	0	0	0	0	0	0	0	0	
YIL013C	8.644e-006	0	1	Nei:2	0	0	0	0	0	0	0	0	0	0	
YIL015W	0.000584989	1	1	noMapping	
YIL018W	0.992246	1	8	noMapping	
YIL023C	0.00258119	0	1	Nei:5	0	0	0	0	0	0	0	0	0	0	
YIL026C	0.0333609	0	2	Nei:8	0	0	0	0	0	0	0	0	0	0	
YIL031W	0.602976	0	2	Nei:3	0	0	0	0	0	0	0	0	0	0	
YIL034C	0.000702729	1	1	Nei:17	0	0	1	1	1	1	1	1	1	1	
YIL038C	0.471991	1	1	Nei:13	1	2	4	4	4	4	5	5	5	5	
YIL041W	0.999711	1	1	noMapping	
YIL048W	0.0185577	0	1	Nei:7	0	0	0	0	0	0	0	0	0	0	
YIL052C	0.217626	0	1	Nei:1	0	0	0	0	0	0	0	0	0	0	
YIL053W	0.134869	1	1	Nei:12	0	0	0	0	0	0	0	0	0	0	
YIL056W	0.000152326	0	1	Nei:1	0	0	0	0	0	0	0	0	0	0	
YIL069C	0.99844	0	8	noMapping	
YIL073C	1.40275e-005	0	1	noMapping	
YIL078W	9.77951e-005	1	1	Nei:3	0	0	0	0	0	0	0	0	0	0	
YIL097W	0.957979	0	1	Nei:4	0	0	0	0	0	0	0	0	1	1	
YIL104C	0.000136086	0	1	Nei:5	0	1	1	1	1	1	1	2	2	2	
YIL107C	0.00208535	0	1	noMapping	
YIL108W	1.78289e-005	0	1	Nei:4	0	0	0	0	0	0	0	0	0	0	
YIL125W	0.95578	1	3	Nei:16	1	3	3	3	3	3	3	3	3	3	
YIL126W	0.0804082	1	2	Nei:6	0	0	0	0	0	0	0	0	0	0	
YIL133C	1	1	8	noMapping	
YIL136W	6.74251e-005	1	1	Nei:2	0	1	1	1	1	1	1	1	1	1	
YIL137C	1	1	4	Nei:2	0	0	0	0	0	0	0	0	0	0	
YIL143C	0.924844	1	1	Nei:11	1	1	1	1	1	1	1	1	1	1	
YIL147C	0.000614675	0	1	Nei:15	1	4	4	4	4	4	4	4	5	5	
YIL148W	0.0634609	1	1	Nei:46	1	2	2	2	2	2	2	2	4	4	
YIL153W	0.000680231	0	1	Nei:1	0	0	0	0	0	0	0	0	0	0	
YIL166C	0.0061713	0	1	Nei:2	0	0	0	0	0	0	0	0	0	0	
YIL168W	0.0778098	0	1	noMapping	
YIL169C	0.0465369	0	2	Nei:3	0	0	0	0	0	0	0	0	0	0	
YIL173W	2.02202e-007	0	1	Nei:2	0	0	0	0	0	0	0	0	0	0	
YIL177C	1.32534e-009	0	1	Nei:1	0	0	0	0	0	0	0	0	0	0	
YIR003W	0.890863	1	2	Nei:5	0	0	0	0	0	0	0	0	0	0	
YIR023W	0.718108	0	2	Nei:3	0	0	0	0	0	0	0	0	0	0	
YIR029W	0.0343791	0	1	noMapping	
YJL005W	1.81282e-006	1	1	Nei:16	2	2	2	2	2	2	2	2	2	2	
YJL006C	0.0791602	0	1	Nei:2	0	0	0	0	0	0	0	0	0	0	
YJL014W	0.179778	1	1	Nei:16	0	0	0	0	0	0	0	0	0	2	
YJL025W	0.0131689	0	1	Nei:2	0	0	0	0	0	0	0	0	0	0	
YJL033W	0.00447186	1	1	Nei:19	4	7	7	7	7	7	7	7	7	7	
YJL034W	0.999629	1	1	Nei:68	1	4	4	4	4	4	4	4	6	6	
YJL039C	1.29693e-006	1	1	Nei:6	0	0	0	0	0	0	0	0	0	0	
YJL042W	0.00311021	1	2	Nei:4	0	2	2	2	2	2	2	2	2	2	
YJL047C	0.0404276	0	2	Nei:8	0	0	0	0	0	0	0	0	0	0	
YJL050W	0.697045	1	2	Nei:4	0	1	1	1	1	1	1	1	1	1	
YJL052W	1	1	4	Nei:44	3	4	4	4	4	4	4	4	4	6	
YJL071W	0.540861	0	1	Nei:2	0	0	0	0	0	0	0	0	0	0	
YJL073W	0.000115884	0	1	noMapping	
YJL076W	0.0766368	1	3	Nei:9	0	0	0	0	0	0	0	0	0	0	
YJL081C	0.00457383	1	1	Nei:17	1	1	1	1	1	1	1	1	1	1	
YJL083W	5.02918e-005	0	1	noMapping	
YJL094C	0.200323	0	1	Nei:1	0	0	0	0	0	0	0	0	0	0	
YJL099W	0.986592	0	1	Nei:5	0	0	0	0	0	0	0	0	0	0	
YJL100W	0.518753	0	1	Nei:3	0	0	0	0	0	0	0	0	0	0	
YJL105W	0.200818	0	1	noMapping	
YJL109C	1	1	4	Nei:15	0	2	2	2	2	2	2	2	3	3	
YJL110C	0.283431	0	1	Nei:7	0	1	1	1	1	1	1	1	1	1	
YJL113W	3.57709e-006	0	1	noMapping	
YJL123C	2.69381e-005	1	1	noMapping	
YJL130C	0.999995	1	4	Nei:50	1	3	3	3	3	3	3	3	5	6	
YJL132W	0.0215942	0	1	noMapping	
YJL136C	1	0	6	noMapping	
YJL138C	1	1	5	Nei:43	6	10	10	10	10	10	10	10	11	12	
YJL149W	7.95486e-005	0	1	Nei:3	0	0	0	0	0	0	0	0	0	0	
YJL156C	0.0919612	0	1	Nei:1	0	0	0	0	0	0	0	0	0	0	
YJL177W	1	1	6	noMapping	
YJL183W	0.945748	1	1	Nei:4	0	0	0	0	0	1	1	1	1	2	
YJL186W	0.00650239	0	1	Nei:1	0	0	0	0	0	0	0	0	0	0	
YJL187C	0.070694	0	1	Nei:13	1	1	1	1	1	2	2	2	2	2	
YJL189W	0.997017	0	1	Nei:1	0	0	0	0	0	0	0	0	0	0	
YJL190C	0.996119	1	7	Nei:2	0	0	0	0	0	0	0	0	0	0	
YJL191W	1	0	9	Nei:1	0	0	0	0	0	0	0	0	0	0	
YJL207C	0.811371	0	1	Nei:2	0	0	0	0	0	0	0	0	0	0	
YJL213W	0.564345	0	2	Nei:1	0	0	0	0	0	0	0	0	0	0	
YJL218W	0.0306422	0	1	Nei:6	0	0	0	0	0	0	0	0	0	0	
YJL222W	2.02202e-007	0	1	Nei:8	0	0	0	0	0	0	0	0	0	0	
YJL225C	1.32534e-009	0	1	Nei:1	0	0	0	0	0	0	0	0	0	0	
YJR001W	9.05784e-005	0	1	Nei:5	0	0	0	0	0	0	0	0	1	1	
YJR007W	1	1	4	Nei:24	7	12	12	13	13	13	13	13	13	13	
YJR009C	1	1	9	Nei:32	2	3	3	3	3	3	3	3	3	5	
YJR017C	0.00663485	1	1	Nei:25	2	3	4	5	5	5	5	6	7	7	
YJR026W	7.21992e-006	0	1	noMapping	
YJR027W	1.32989e-006	1	2	Nei:1	0	0	0	0	0	0	0	0	0	0	
YJR028W	7.21992e-006	0	1	Nei:1	0	0	0	0	0	0	0	0	0	0	
YJR029W	1.23127e-006	1	2	Nei:1	0	0	0	0	0	0	0	0	0	0	
YJR033C	0.00249648	0	1	Nei:8	0	0	0	1	1	1	1	1	1	2	
YJR045C	0.0778752	1	1	noMapping	
YJR047C	0.232199	1	1	noMapping	
YJR052W	8.42692e-005	0	1	Nei:10	1	2	3	3	3	3	3	3	3	3	
YJR059W	0.953245	1	1	Nei:3	1	1	1	1	1	1	1	1	1	1	
YJR064W	0.000330155	1	1	Nei:15	0	0	0	0	0	0	0	0	0	1	
YJR071W	0.00404015	0	1	noMapping	
YJR078W	0.391316	0	1	noMapping	
YJR094W-A	0.28882	1	1	noMapping	
YJR103W	0.0059629	1	1	Nei:5	0	0	0	0	0	0	0	0	1	2	
YJR105W	0.998823	1	1	Nei:4	0	0	0	0	0	0	0	0	0	0	
YJR107W	0.0215329	0	1	noMapping	
YJR109C	0.963975	1	2	Nei:14	0	0	0	0	0	0	0	0	0	1	
YJR116W	0.0174141	0	1	Nei:2	0	0	0	0	0	0	0	0	0	0	
YJR121W	0.997282	1	1	Nei:129	3	7	7	7	7	7	7	7	11	14	
YJR123W	1	1	11	Nei:1	0	0	0	0	0	0	0	0	0	0	
YJR127C	0.0220726	0	1	Nei:2	0	0	0	0	0	0	0	0	0	0	
YJR137C	0.0194356	1	1	noMapping	
YJR139C	0.000418172	1	1	Nei:5	0	0	0	0	0	0	0	0	1	1	
YJR140C	0.30859	0	2	Nei:5	0	1	1	1	1	1	1	1	1	1	
YJR143C	0.000272544	1	1	Nei:2	0	0	0	0	0	0	0	0	0	0	
YJR145C	1	1	20	noMapping	
YJR148W	0.814565	1	1	Nei:3	0	1	1	1	1	1	1	1	1	1	
YJR151C	0.000253502	0	1	noMapping	
YJR152W	0.0067223	0	1	Nei:2	0	0	0	0	0	0	0	0	0	0	
YJR157W	0.103635	0	1	Nei:1	0	0	0	0	0	0	0	0	0	0	
YKL002W	0.00653759	0	1	Nei:42	1	1	2	2	2	2	2	2	3	3	
YKL006W	0.997405	1	8	noMapping	
YKL009W	1	0	3	Nei:7	1	2	2	2	2	2	2	2	2	2	
YKL014C	0.000353658	1	2	Nei:10	0	1	1	1	1	2	2	2	2	2	
YKL015W	0.0111872	0	1	Nei:2	0	0	0	0	0	0	0	0	0	0	
YKL029C	0.972973	1	1	Nei:5	0	1	1	1	1	1	1	1	1	1	
YKL038W	0.00470029	0	1	Nei:1	0	0	0	0	0	0	0	0	0	0	
YKL048C	0.00859527	0	1	Nei:5	1	2	2	2	2	2	2	2	2	3	
YKL050C	0.000182418	0	1	Nei:3	0	0	0	0	0	0	0	0	0	0	
YKL052C	0.000915643	0	1	Nei:4	0	0	0	0	0	0	0	0	0	0	
YKL060C	1	1	8	Nei:41	2	3	3	3	3	4	4	4	4	5	
YKL070W	0.00324403	0	1	Nei:1	0	0	0	0	0	0	0	0	0	0	
YKL080W	0.648759	1	1	Nei:8	0	0	0	1	1	1	1	1	1	2	
YKL081W	1	1	3	Nei:28	1	4	4	4	4	4	4	4	4	4	
YKL086W	0.0326003	0	1	Nei:2	0	0	0	0	0	0	0	0	0	0	
YKL100C	0.000183339	0	1	noMapping	
YKL106W	0.00264431	0	1	Nei:1	0	0	0	0	0	0	0	0	0	0	
YKL112W	0.0956168	1	1	Nei:5	0	0	0	0	0	0	0	0	0	0	
YKL126W	0.000294114	1	1	Nei:4	0	0	0	0	0	0	0	0	0	0	
YKL129C	0.000194605	1	1	Nei:20	1	3	3	3	3	3	3	3	4	5	
YKL135C	0.0803501	1	1	Nei:12	0	0	0	0	0	0	1	1	1	1	
YKL148C	0.0153586	1	1	Nei:1	0	0	0	0	0	0	0	0	0	0	
YKL151C	0.00550287	1	1	noMapping	
YKL152C	0.999977	1	4	Nei:89	1	4	4	4	4	4	4	4	7	8	
YKL155C	0.0003461	0	1	Nei:4	0	0	0	0	0	0	0	0	0	0	
YKL156W	0.967767	0	4	noMapping	
YKL157W	0.00529062	1	1	Nei:5	0	0	0	0	0	0	0	0	0	0	
YKL162C	0.499416	0	2	noMapping	
YKL163W	0.000446535	0	1	Nei:1	0	0	0	0	0	0	0	0	0	0	
YKL165C	0.0010985	0	1	Nei:4	0	0	0	0	0	0	0	0	0	0	
YKL168C	1.04632e-005	0	1	Nei:2	0	0	0	0	0	0	0	0	0	0	
YKL172W	0.213984	1	1	Nei:7	2	3	3	3	3	3	3	3	3	3	
YKL173W	0.00057507	1	1	Nei:27	0	0	0	0	0	0	0	0	0	0	
YKL175W	0.000171215	0	1	Nei:4	0	1	1	1	1	1	1	1	1	1	
YKL176C	0.119127	0	1	Nei:2	1	1	1	1	1	1	1	1	1	1	
YKL180W	1	1	6	Nei:1	1	1	1	1	1	1	1	1	1	1	
YKL182W	1	1	5	Nei:22	0	2	2	2	2	2	2	2	2	2	
YKL188C	0.0325457	0	2	Nei:2	0	0	0	0	0	0	0	0	0	0	
YKL191W	0.00191522	0	1	Nei:2	0	0	0	0	0	0	0	0	0	0	
YKL207W	0.297349	0	1	noMapping	
YKL209C	0.000271975	0	1	Nei:4	0	1	1	1	1	1	1	1	1	1	
YKL210W	0.233107	1	1	Nei:16	0	2	2	2	2	2	2	2	2	2	
YKL211C	0.00951378	1	1	Nei:4	0	0	0	0	0	0	0	0	0	0	
YKL212W	0.000843632	1	1	Nei:15	0	0	0	0	0	0	0	0	0	0	
YKL213C	0.00830968	0	1	Nei:6	1	1	1	1	1	2	2	2	2	2	
YKL219W	0.0164561	0	1	Nei:1	0	0	0	0	0	0	0	0	0	0	
YKR001C	1	1	6	Nei:16	0	0	1	1	1	1	1	1	1	2	
YKR009C	8.31159e-006	0	1	noMapping	
YKR019C	0.00309497	0	1	noMapping	
YKR028W	6.70458e-006	1	1	Nei:7	0	0	0	0	0	0	0	0	0	0	
YKR036C	0.178088	0	2	Nei:33	3	5	6	7	7	7	7	7	7	8	
YKR043C	0.575696	1	1	Nei:1	0	0	0	0	0	0	0	0	0	0	
YKR054C	0.000214852	1	2	Nei:7	0	0	0	0	0	1	1	1	1	1	
YKR056W	0.00129957	1	1	noMapping	
YKR057W	1	1	5	noMapping	
YKR058W	0.000344781	0	1	noMapping	
YKR059W	0.950321	0	5	noMapping	
YKR067W	0.000561633	1	1	Nei:2	0	1	1	1	1	1	1	1	1	1	
YKR069W	0.023231	0	1	Nei:3	0	0	0	0	0	0	0	0	0	0	
YKR076W	0.00674471	0	1	noMapping	
YKR079C	0.000327678	1	1	Nei:2	0	0	0	0	0	0	0	0	0	0	
YKR081C	0.995294	0	1	Nei:45	6	15	15	15	16	16	16	17	19	20	
YKR085C	0.00242528	0	1	Nei:2	0	0	0	0	0	0	0	0	0	0	
YKR087C	0.00572959	0	1	Nei:1	0	0	0	0	0	0	0	0	0	0	
YKR094C	0.0138381	0	1	noMapping	
YKR095W	0.00150654	1	1	Nei:2	0	0	0	0	0	0	0	0	0	0	
YLL006W	0.0905438	0	1	Nei:29	4	6	6	6	6	7	7	7	8	8	
YLL008W	0.99529	1	1	Nei:8	0	3	3	3	3	3	3	3	3	3	
YLL014W	0.549416	0	1	Nei:1	0	0	0	0	0	0	0	0	0	0	
YLL018C	0.979346	1	2	Nei:4	0	0	0	0	0	0	0	0	0	0	
YLL019C	1.97532e-005	0	1	Nei:18	4	5	5	5	5	5	5	5	5	6	
YLL024C	1	1	10	Nei:14	1	1	1	1	1	1	1	1	2	2	
YLL026W	0.369097	1	1	Nei:22	0	1	1	1	1	1	1	3	4	4	
YLL029W	3.70481e-005	1	1	Nei:1	0	0	0	0	0	0	0	0	0	0	
YLL043W	0.301793	0	1	Nei:5	0	0	0	0	0	0	0	0	0	0	
YLL045C	1	1	12	noMapping	
YLL053C	0.71137	0	1	Nei:1	0	0	0	0	0	0	0	0	0	0	
YLL054C	0.0202748	0	1	Nei:1	0	0	0	0	0	0	0	0	0	0	
YLL066C	5.4815e-009	0	1	noMapping	
YLL067C	6.1627e-009	0	1	noMapping	
YLR001C	0.0141366	0	1	Nei:1	0	0	0	0	0	0	0	0	0	0	
YLR002C	0.000261828	0	1	Nei:6	1	3	3	3	3	3	3	3	3	3	
YLR003C	0.0549688	1	1	Nei:3	0	1	1	1	1	1	1	1	1	1	
YLR024C	0.000388668	0	1	Nei:2	2	2	2	2	2	2	2	2	2	2	
YLR029C	0.999721	1	7	noMapping	
YLR035C-A	4.23151e-009	0	1	noMapping	
YLR039C	0.0335772	0	1	Nei:4	0	0	0	0	0	0	0	0	0	0	
YLR044C	1	1	16	Nei:64	3	7	7	7	7	7	8	8	10	12	
YLR048W	0.999776	0	12	noMapping	
YLR055C	0.897365	1	1	Nei:5	0	0	0	0	0	0	0	0	0	0	
YLR058C	0.997995	1	2	Nei:13	0	1	1	1	1	1	1	1	2	2	
YLR061W	1	1	4	noMapping	
YLR069C	0.000848108	1	1	noMapping	
YLR072W	0.0135077	0	1	Nei:2	0	0	0	0	0	0	0	0	0	0	
YLR074C	0.0754602	0	1	Nei:60	13	21	22	22	23	23	23	24	24	24	
YLR075W	1	1	10	Nei:1	0	0	0	0	0	0	0	0	0	0	
YLR086W	1.61589e-006	0	1	Nei:8	0	0	0	0	0	0	0	0	0	0	
YLR087C	3.8764e-007	0	1	noMapping	
YLR092W	0.0488342	0	2	Nei:2	0	0	0	0	0	0	0	0	0	0	
YLR099C	0.0875309	0	1	Nei:1	0	0	0	0	0	0	0	0	0	0	
YLR106C	0.0967995	1	3	Nei:10	1	2	2	2	2	2	2	2	2	2	
YLR108C	0.0112579	0	1	Nei:6	0	0	0	0	0	0	0	0	0	0	
YLR109W	0.228939	1	1	Nei:11	1	2	2	2	2	2	2	2	5	5	
YLR116W	0.000357608	0	1	Nei:17	0	0	0	0	0	0	0	0	0	0	
YLR122C	0.105884	0	1	noMapping	
YLR133W	7.06065e-005	1	1	Nei:3	0	0	0	0	0	0	0	0	0	0	
YLR134W	1	1	5	Nei:11	0	1	1	1	1	1	1	1	1	1	
YLR150W	1	1	10	Nei:5	0	0	0	0	0	0	0	0	0	0	
YLR157C-A	7.21992e-006	0	1	noMapping	
YLR157C-B	1.27936e-006	0	2	noMapping	
YLR167W	0.661713	1	1	Nei:1	0	0	0	0	0	0	0	0	0	0	
YLR168C	0.00763015	0	1	Nei:1	0	0	0	0	0	0	0	0	0	0	
YLR175W	1	1	5	Nei:53	12	28	28	28	28	29	29	30	30	30	
YLR180W	0.87769	1	2	Nei:90	0	5	5	5	5	5	6	6	7	8	
YLR181C	0.000299432	0	1	Nei:2	0	0	0	0	0	0	0	0	1	1	
YLR192C	0.999446	1	1	Nei:7	2	3	3	3	3	3	3	3	3	3	
YLR194C	0.846144	0	1	Nei:1	0	0	0	0	0	0	0	0	0	0	
YLR197W	0.999977	1	2	Nei:16	1	4	4	4	4	4	4	4	4	4	
YLR222C	1	0	1	Nei:28	2	4	4	5	5	5	5	5	6	7	
YLR227W-A	7.21992e-006	0	1	noMapping	
YLR227W-B	1.27936e-006	0	2	noMapping	
YLR232W	0.329875	0	1	noMapping	
YLR238W	5.98306e-005	0	1	Nei:10	0	0	0	0	0	0	0	0	0	0	
YLR241W	0.00145532	0	2	Nei:15	0	1	1	1	1	1	1	1	1	2	
YLR243W	0.0104924	0	1	Nei:4	0	0	0	0	0	0	0	0	1	1	
YLR245C	0.00469977	0	1	Nei:6	0	0	0	0	0	0	0	0	0	0	
YLR249W	1	1	8	Nei:10	1	1	1	1	1	1	1	1	2	2	
YLR252W	0.055944	0	1	Nei:1	0	0	0	0	0	0	0	0	0	0	
YLR256W-A	7.21992e-006	0	1	noMapping	
YLR257W	0.0129374	1	1	Nei:2	0	0	0	0	0	0	0	0	0	0	
YLR258W	0.00274387	1	1	Nei:13	0	1	1	1	1	1	1	1	1	1	
YLR259C	1	1	1	Nei:169	4	12	12	12	12	12	12	12	14	15	
YLR264W	1	1	3	Nei:11	2	3	3	3	3	3	3	3	3	4	
YLR274W	9.34772e-005	1	1	Nei:5	0	0	0	0	0	0	0	0	0	0	
YLR275W	0.0566969	0	1	Nei:17	0	1	1	1	1	1	1	1	1	1	
YLR276C	5.50637e-005	1	1	Nei:7	0	2	2	2	2	2	3	3	4	4	
YLR287C-A	0.889359	1	2	noMapping	
YLR289W	0.00014832	0	1	Nei:5	0	0	0	0	0	0	0	0	0	0	
YLR310C	0.0261114	0	1	Nei:18	4	4	4	4	4	4	4	4	4	4	
YLR319C	0.000341116	1	1	Nei:11	2	2	2	2	2	2	2	2	2	2	
YLR325C	1	1	3	Nei:3	0	0	0	0	0	0	0	0	0	0	
YLR333C	0.795108	1	3	Nei:1	0	0	0	0	0	0	0	0	0	0	
YLR340W	1	1	9	Nei:23	7	11	11	11	11	11	11	11	12	12	
YLR342W	7.44537e-006	1	1	Nei:13	0	0	0	0	0	0	0	0	0	1	
YLR344W	1	1	8	Nei:1	0	0	0	0	0	0	0	0	0	0	
YLR345W	0.0111797	0	1	Nei:7	1	1	1	1	1	1	1	1	1	1	
YLR347W-A	0.164825	0	1	noMapping	
YLR355C	1	1	8	Nei:28	0	1	1	1	1	1	1	1	2	2	
YLR367W	0.996119	0	7	noMapping	
YLR371W	3.60868e-005	0	1	Nei:10	0	1	1	1	1	1	1	1	1	1	
YLR383W	0.988799	0	3	Nei:37	8	14	15	15	15	15	15	15	16	16	
YLR387C	0.0294222	0	1	Nei:1	0	0	0	0	0	0	0	0	0	0	
YLR388W	0.382546	1	1	Nei:1	0	0	0	0	0	0	0	0	0	0	
YLR393W	0.0229811	0	1	Nei:1	0	0	0	0	0	0	0	0	0	0	
YLR398C	0.999312	0	3	Nei:4	0	0	0	0	0	0	0	0	0	0	
YLR406C	1	1	8	Nei:1	0	0	0	0	0	0	0	0	0	0	
YLR409C	0.00027716	1	1	Nei:8	0	1	1	1	1	1	1	1	1	1	
YLR410W-B	2.12322e-006	0	1	noMapping	
YLR417W	0.0135764	0	1	Nei:5	0	0	0	0	0	0	0	0	0	0	
YLR421C	0.913791	0	1	Nei:8	0	0	0	0	0	0	0	0	0	0	
YLR423C	0.00108472	0	1	Nei:72	0	2	2	2	2	2	2	4	4	4	
YLR424W	0.0622522	0	1	Nei:18	0	1	1	1	1	1	1	1	2	2	
YLR430W	0.0104087	1	1	Nei:7	0	0	0	0	0	0	0	0	0	0	
YLR432W	1	1	12	Nei:13	0	0	0	0	0	0	0	0	1	1	
YLR435W	0.104232	0	1	Nei:4	2	2	2	2	2	2	2	2	2	2	
YLR441C	1	1	19	Nei:2	0	0	0	0	0	0	0	0	0	0	
YLR446W	0.00365287	0	1	Nei:8	0	0	0	0	0	0	0	0	0	0	
YLR447C	0.000709161	1	1	Nei:95	2	4	4	5	5	5	5	6	6	8	
YLR448W	1	1	10	Nei:1	0	0	0	0	0	0	0	0	0	0	
YLR449W	0.103081	1	1	Nei:10	1	2	2	2	2	2	2	2	2	2	
YLR450W	8.6868e-006	0	1	Nei:5	0	0	0	0	0	0	0	0	0	0	
YLR454W	1.15259e-005	0	1	Nei:2	0	0	0	0	0	0	0	0	0	0	
YLR466W	3.18493e-009	0	1	Nei:1	0	0	0	0	0	0	0	0	0	0	
YLR467W	1.0383e-009	0	1	noMapping	
YML008C	0.935795	1	2	Nei:9	0	0	1	1	1	1	1	1	1	1	
YML010W	0.268971	1	1	Nei:13	0	0	0	0	0	0	0	0	0	1	
YML012W	0.963619	1	2	Nei:10	0	0	0	0	1	1	1	1	1	1	
YML014W	0.0121164	0	1	Nei:3	0	0	0	0	0	0	0	0	0	0	
YML016C	0.0381246	1	1	Nei:14	2	4	4	4	4	4	4	4	4	4	
YML017W	3.34185e-005	1	1	noMapping	
YML024W	1	1	8	noMapping	
YML025C	0.00743548	0	1	Nei:5	0	0	0	0	0	0	0	0	0	0	
YML026C	0.997612	0	8	noMapping	
YML028W	0.999538	1	2	Nei:13	0	1	1	2	2	2	2	2	2	2	
YML031W	0.0414018	0	1	Nei:5	0	0	0	0	0	0	0	0	0	0	
YML036W	0.0160305	0	1	Nei:1	0	0	0	0	0	0	0	0	0	0	
YML039W	1.23127e-006	0	2	noMapping	
YML040W	7.21992e-006	1	1	noMapping	
YML045W	1.27936e-006	0	2	noMapping	
YML045W-A	7.21992e-006	0	1	noMapping	
YML056C	1	1	9	Nei:10	1	2	2	2	2	2	2	2	2	2	
YML063W	1	1	19	noMapping	
YML071C	1.75031e-005	1	1	Nei:1	0	0	0	0	0	0	0	0	0	0	
YML073C	1	1	11	noMapping	
YML074C	0.020871	1	1	Nei:6	0	0	0	0	0	0	0	0	0	0	
YML075C	0.073922	1	2	Nei:18	0	0	0	1	1	1	1	1	1	1	
YML082W	0.00026908	0	1	Nei:1	0	0	0	0	0	0	0	0	0	0	
YML083C	0.0259589	0	1	noMapping	
YML092C	0.00406096	1	1	Nei:32	0	0	0	0	0	0	1	1	1	1	
YML104C	8.08055e-006	0	1	Nei:2	0	0	0	0	0	0	0	0	0	0	
YML117W	0.000161193	0	1	Nei:5	0	0	0	0	0	0	0	0	0	0	
YML119W	0.523122	0	1	Nei:3	0	0	0	0	0	0	0	0	0	0	
YML120C	0.0555317	1	1	Nei:3	0	0	0	0	0	0	0	0	0	0	
YML122C	0.0063873	0	1	noMapping	
YML126C	0.0224185	1	1	Nei:8	1	1	2	2	2	2	2	2	2	2	
YML133C	3.18493e-009	0	1	Nei:2	0	0	0	0	0	0	0	0	0	0	
YMR006C	0.0285774	0	1	noMapping	
YMR008C	0.000537379	0	1	Nei:1	0	0	0	0	0	0	0	0	0	0	
YMR012W	1	1	4	Nei:31	0	2	3	3	3	3	3	3	3	4	
YMR016C	6.44316e-005	0	1	noMapping	
YMR019W	0.0638202	0	1	Nei:2	0	0	0	0	0	0	0	0	0	0	
YMR030W-A	0.00588113	0	1	noMapping	
YMR031C	1.16003e-005	1	1	Nei:1	0	0	0	0	0	0	0	0	0	0	
YMR035W	0.00234584	0	1	Nei:2	0	0	0	0	0	0	0	0	0	0	
YMR045C	8.09001e-010	1	1	noMapping	
YMR047C	2.40277e-005	0	1	Nei:150	5	7	7	7	9	10	11	12	14	14	
YMR049C	1	1	3	Nei:71	10	24	25	25	26	26	26	26	28	29	
YMR050C	1.23127e-006	0	2	noMapping	
YMR051C	7.21992e-006	0	1	noMapping	
YMR053C	0.0482509	0	1	Nei:2	0	0	0	0	0	0	0	0	0	0	
YMR062C	0.000199061	1	1	noMapping	
YMR067C	0.0794516	1	1	Nei:1	0	0	0	0	0	0	0	0	0	0	
YMR068W	7.19207e-005	0	1	Nei:6	0	0	0	0	0	0	0	0	0	0	
YMR078C	9.87538e-006	0	1	Nei:8	0	0	0	0	0	0	0	0	2	2	
YMR080C	0.0147426	1	2	Nei:17	2	2	2	2	2	2	2	2	2	2	
YMR085W	0.183205	0	2	noMapping	
YMR086W	0.00115898	1	2	Nei:2	0	0	0	0	0	0	0	0	0	0	
YMR089C	0.0172903	0	2	Nei:2	0	0	0	0	0	0	0	0	0	0	
YMR091C	0.00506011	1	1	Nei:4	0	0	0	0	0	0	0	0	0	0	
YMR093W	0.0104276	1	1	Nei:16	4	5	6	7	7	7	7	7	7	7	
YMR095C	0.00339665	0	1	Nei:3	0	0	0	0	0	0	0	0	0	0	
YMR116C	1	1	14	Nei:25	2	6	6	8	8	9	9	9	9	9	
YMR121C	0.990301	0	6	noMapping	
YMR124W	0.00715021	0	1	Nei:7	0	0	0	0	0	0	0	0	0	0	
YMR128W	0.790436	1	1	Nei:10	0	1	1	1	1	1	1	1	1	1	
YMR136W	0.122589	0	1	noMapping	
YMR138W	0.00521874	0	1	Nei:6	1	2	2	2	2	2	2	2	2	2	
YMR142C	1	1	12	Nei:1	0	0	0	0	0	0	0	0	0	0	
YMR143W	0.99874	1	8	noMapping	
YMR144W	0.00983317	0	1	Nei:4	0	0	0	0	0	0	0	0	0	0	
YMR146C	0.999998	1	2	Nei:12	1	4	4	4	4	4	4	4	4	4	
YMR154C	0.38756	0	1	Nei:6	0	0	0	0	0	0	0	0	0	0	
YMR159C	0.00615581	0	1	Nei:15	0	0	0	0	0	0	0	0	0	0	
YMR166C	0.000641742	0	1	noMapping	
YMR173W-A	0.00990981	0	1	noMapping	
YMR186W	1	1	7	Nei:56	3	5	5	5	5	5	5	5	5	6	
YMR194W	0.996054	1	6	noMapping	
YMR201C	0.000354391	0	1	Nei:16	0	2	2	2	2	2	2	2	2	2	
YMR213W	0.000265851	0	1	Nei:25	0	0	0	0	0	0	0	0	0	0	
YMR216C	4.06233e-005	1	1	Nei:6	0	0	1	1	1	1	1	1	1	1	
YMR219W	0.0055034	1	1	Nei:1	0	0	0	0	0	0	0	0	0	0	
YMR224C	0.000155235	0	1	Nei:9	0	0	0	0	0	0	1	1	1	1	
YMR229C	1	1	7	Nei:9	1	1	1	1	2	2	2	2	2	2	
YMR230W	0.771859	1	3	noMapping	
YMR237W	0.674808	1	1	Nei:2	0	0	0	0	0	0	0	0	0	0	
YMR241W	0.00249252	1	1	Nei:4	0	0	0	0	0	0	0	0	0	0	
YMR242C	1	1	10	Nei:3	0	0	0	0	0	0	0	0	0	0	
YMR246W	0.198445	1	3	Nei:16	2	3	3	3	3	3	3	3	3	3	
YMR247C	0.00154208	0	2	noMapping	
YMR251W-A	0.277558	0	1	noMapping	
YMR254C	0.0195681	0	1	noMapping	
YMR261C	0.00356045	1	2	noMapping	
YMR275C	0.00761337	0	1	Nei:3	0	0	0	0	0	0	0	0	0	0	
YMR278W	4.91544e-005	0	1	Nei:1	0	0	0	0	0	0	0	0	0	0	
YMR288W	7.60636e-006	1	1	Nei:10	0	0	0	0	0	0	0	0	0	0	
YMR290C	1	1	2	Nei:25	1	5	5	5	6	6	6	6	7	7	
YMR296C	0.000349929	1	1	Nei:8	0	0	0	0	0	0	0	0	0	0	
YMR303C	1	1	4	Nei:14	0	0	0	0	0	0	0	0	1	1	
YMR304C-A	0.00802964	0	1	noMapping	
YMR308C	0.492485	1	1	Nei:58	3	5	6	6	6	6	6	6	7	7	
YMR309C	0.931869	1	1	Nei:22	3	8	9	9	9	9	9	9	9	10	
YNL001W	1	1	1	Nei:1	0	0	0	0	0	0	0	0	0	0	
YNL002C	0.999887	1	2	Nei:11	2	5	5	5	5	5	5	5	6	6	
YNL007C	0.293162	1	1	Nei:14	4	4	4	5	5	5	5	6	6	6	
YNL011C	0.00080197	0	1	Nei:1	0	0	0	0	0	0	0	0	0	0	
YNL014W	0.89301	1	1	Nei:10	0	1	1	1	1	1	1	1	1	1	
YNL026W	0.00363525	0	1	noMapping	
YNL040W	0.000936485	0	1	Nei:1	0	0	0	0	0	0	0	0	0	1	
YNL049C	0.831661	1	1	Nei:4	0	0	0	0	1	1	1	1	1	1	
YNL054W-B	6.98656e-010	0	1	noMapping	
YNL055C	0.227383	1	1	Nei:21	2	2	2	2	2	2	2	2	2	2	
YNL061W	0.0439646	1	1	Nei:57	8	22	22	23	24	25	25	25	26	27	
YNL065W	6.80531e-005	0	1	noMapping	
YNL067W	0.995543	1	7	noMapping	
YNL068C	0.096275	0	2	Nei:7	1	1	1	1	1	1	1	1	1	1	
YNL069C	1	1	9	noMapping	
YNL071W	1	1	13	Nei:41	1	1	1	1	2	2	2	2	2	2	
YNL082W	0.0105669	0	1	Nei:3	0	0	0	0	0	0	0	0	0	0	
YNL085W	9.49273e-005	0	1	Nei:14	0	1	1	1	1	1	1	1	1	1	
YNL088W	0.00259302	1	1	Nei:25	3	5	7	7	7	7	7	7	7	8	
YNL096C	1	1	12	Nei:2	0	0	0	0	0	0	0	0	0	0	
YNL106C	0.00103151	0	1	Nei:19	4	5	5	5	5	5	5	5	7	7	
YNL112W	1	1	11	Nei:5	1	1	1	1	1	1	1	1	1	1	
YNL118C	0.00750095	1	1	Nei:39	0	3	3	3	3	3	3	3	4	5	
YNL124W	0.0386571	0	1	Nei:8	0	1	1	1	1	2	2	2	2	2	
YNL127W	0.0179918	0	1	Nei:15	5	7	7	7	7	7	7	8	8	8	
YNL132W	0.992923	1	1	Nei:28	2	6	6	6	6	6	6	6	6	6	
YNL134C	0.0256757	1	1	Nei:2	0	0	0	0	0	0	0	0	0	0	
YNL142W	0.000343708	0	1	Nei:1	1	1	1	1	1	1	1	1	1	1	
YNL157W	0.00705013	0	1	Nei:8	1	3	3	3	3	3	3	3	3	3	
YNL160W	0.0191436	1	1	Nei:2	0	0	0	0	0	0	0	0	0	0	
YNL166C	5.45759e-005	1	1	Nei:7	0	0	0	0	0	0	0	0	0	0	
YNL172W	4.10723e-006	0	1	Nei:9	0	0	0	0	0	0	0	0	0	0	
YNL178W	1	1	15	Nei:5	0	1	1	1	1	1	1	1	1	1	
YNL181W	6.9699e-005	0	1	Nei:1	0	1	1	1	1	1	1	1	1	1	
YNL186W	5.2139e-005	0	1	Nei:1	0	0	0	0	0	0	0	0	0	0	
YNL198C	0.00821128	0	1	noMapping	
YNL207W	0.00674402	1	1	Nei:16	2	4	4	4	4	4	4	4	4	4	
YNL208W	1	1	1	Nei:2	0	0	0	0	0	0	0	0	0	0	
YNL209W	1	1	22	Nei:3	0	0	0	0	0	0	0	0	0	0	
YNL214W	0.0240922	0	1	Nei:7	0	0	0	0	0	0	0	0	0	0	
YNL229C	0.000987998	0	1	Nei:8	0	0	0	0	0	0	0	0	0	0	
YNL231C	0.0649189	1	1	Nei:1	0	0	0	0	0	0	0	0	0	0	
YNL239W	0.000372081	1	1	noMapping	
YNL242W	0.000181054	0	1	Nei:2	0	0	0	0	0	0	0	0	0	0	
YNL249C	7.98263e-005	0	1	noMapping	
YNL250W	0.0181062	0	1	Nei:34	2	6	6	7	7	7	7	7	7	9	
YNL262W	0.00337331	0	2	Nei:16	1	1	1	1	1	2	2	2	2	2	
YNL284C	0.000391392	0	1	Nei:28	1	2	3	3	3	3	3	3	5	5	
YNL284C-B	7.70008e-010	0	1	noMapping	
YNL290W	0.211098	1	2	Nei:34	2	7	7	8	8	8	8	8	9	9	
YNL291C	0.053678	0	1	Nei:2	0	0	0	0	0	0	0	0	0	0	
YNL301C	0.721764	1	4	Nei:3	0	0	0	0	0	0	0	0	0	0	
YNL302C	0.992232	1	7	noMapping	
YNL312W	0.96704	1	1	Nei:15	0	3	3	3	3	3	3	4	5	5	
YNL316C	0.196425	0	1	Nei:1	0	0	0	0	0	0	0	0	0	0	
YNL326C	0.326595	0	1	Nei:3	0	0	0	0	0	0	0	0	0	0	
YNL339C	9.23536e-010	0	1	Nei:1	0	0	0	0	0	0	0	0	0	0	
YNR001C	1	1	4	Nei:28	0	2	2	2	2	2	2	2	3	3	
YNR004W	0.00911547	0	1	Nei:1	0	0	0	0	0	0	0	0	0	0	
YNR016C	0.00287647	1	1	Nei:9	0	0	0	0	0	0	0	0	0	0	
YNR019W	0.0386963	0	1	Nei:7	0	1	1	1	1	1	1	1	1	1	
YNR020C	0.719034	0	1	noMapping	
YNR023W	0.0144078	0	1	Nei:6	0	0	0	0	0	0	0	0	0	0	
YNR026C	0.000139898	0	1	Nei:2	0	0	0	0	0	0	0	0	0	0	
YNR033W	0.00223356	0	1	Nei:1	0	0	0	0	0	0	0	0	0	0	
YNR037C	0.0190417	0	1	Nei:4	0	0	0	0	0	0	0	0	0	0	
YNR043W	0.15765	1	1	Nei:1	0	0	0	0	0	0	0	0	0	0	
YNR069C	9.64846e-005	0	1	Nei:6	0	0	0	0	0	0	0	0	0	0	
YNR070W	0.0238862	0	2	Nei:2	0	0	0	0	0	0	0	0	0	0	
YNR072W	0.0068137	0	1	Nei:3	0	0	0	0	0	0	0	0	0	0	
YOL016C	0.00522363	1	1	Nei:4	0	1	1	1	1	1	1	1	1	1	
YOL018C	0.000875229	0	1	Nei:12	0	0	0	0	0	0	0	0	0	0	
YOL031C	0.0520597	0	1	Nei:2	0	0	0	0	0	0	0	0	0	0	
YOL039W	1	1	3	Nei:2	1	1	1	1	1	1	1	1	1	1	
YOL040C	1	1	6	noMapping	
YOL041C	1	1	1	Nei:17	0	1	1	1	1	1	1	1	2	2	
YOL059W	0.985245	1	1	Nei:3	0	0	0	0	0	0	0	0	0	0	
YOL063C	0.00798445	0	1	Nei:2	0	0	0	0	0	0	0	0	0	0	
YOL072W	0.000552753	0	1	Nei:5	0	0	0	0	0	0	0	0	0	0	
YOL077C	1	1	2	Nei:10	1	4	4	4	4	4	4	4	5	5	
YOL084W	0.033622	0	1	noMapping	
YOL086C	1	1	7	Nei:24	2	2	2	2	2	2	2	2	3	3	
YOL090W	0.0425004	1	1	Nei:21	2	3	3	3	3	3	3	3	3	3	
YOL094C	0.234658	1	2	Nei:37	6	10	10	10	10	10	10	11	12	12	
YOL097C	0.00244779	1	1	Nei:1	0	0	0	0	0	0	0	0	0	0	
YOL098C	0.00197256	1	1	Nei:1	1	1	1	1	1	1	1	1	1	1	
YOL100W	0.000285215	0	2	Nei:12	2	4	4	4	4	4	4	4	4	4	
YOL103W-A	7.21992e-006	0	1	noMapping	
YOL103W-B	1.37917e-006	0	2	Nei:1	0	0	0	0	0	0	0	0	0	0	
YOL109W	0.0171129	1	1	Nei:2	0	0	0	0	0	0	0	0	0	0	
YOL111C	0.0875668	1	1	Nei:5	0	0	0	0	0	0	0	0	0	0	
YOL112W	0.000759228	0	1	Nei:1	0	0	0	0	0	0	0	0	0	0	
YOL116W	0.0785771	0	1	Nei:1	0	0	0	0	0	0	0	0	0	0	
YOL120C	0.721764	0	4	noMapping	
YOL121C	0.992232	1	7	noMapping	
YOL122C	0.000104803	0	1	noMapping	
YOL124C	0.000395919	0	1	Nei:1	0	0	0	0	0	0	0	0	0	0	
YOL127W	1	1	3	Nei:2	0	0	0	0	0	0	1	1	1	1	
YOL138C	1.38662e-005	1	1	noMapping	
YOL139C	0.00052565	1	1	Nei:52	9	11	11	11	11	11	11	11	12	14	
YOL146W	0.00287476	0	1	Nei:2	0	0	0	0	0	0	0	0	0	0	
YOL155C	6.22599e-005	0	1	noMapping	
YOL158C	0.0644863	0	1	noMapping	
YOL163W	0.170236	0	1	Nei:1	0	0	0	0	0	0	0	0	0	0	
YOR001W	0.00011551	1	1	Nei:10	0	0	0	0	0	0	0	0	0	0	
YOR008C-A	0.01426	0	1	noMapping	
YOR009W	0.571681	0	1	Nei:1	0	0	0	0	0	0	0	0	0	0	
YOR011W	0.0415853	0	1	Nei:1	0	0	0	0	0	0	0	0	0	0	
YOR013W	0.103482	0	1	noMapping	
YOR022C	7.90065e-005	0	1	noMapping	
YOR023C	0.0215338	0	1	Nei:7	0	0	0	0	0	0	0	0	0	0	
YOR034C	0.0467457	0	1	Nei:3	0	0	0	0	0	0	0	0	0	0	
YOR045W	0.494542	0	1	Nei:4	0	0	0	0	0	0	0	0	0	0	
YOR048C	0.0322807	0	1	Nei:2	1	1	1	1	1	1	1	1	1	1	
YOR055W	0.0585043	0	1	noMapping	
YOR061W	0.00367842	1	1	Nei:28	2	5	5	5	6	6	6	6	7	8	
YOR063W	1	1	18	Nei:2	0	0	0	0	0	0	0	0	0	0	
YOR064C	0.00250021	0	1	Nei:3	0	0	0	0	0	0	0	0	0	0	
YOR067C	0.000607	0	1	Nei:1	0	0	0	0	0	0	0	0	0	0	
YOR077W	0.000845466	0	1	noMapping	
YOR082C	0.0402352	0	1	Nei:2	0	0	0	0	0	0	0	0	0	0	
YOR083W	0.00326076	0	1	Nei:5	0	0	0	0	0	0	0	0	0	0	
YOR092W	0.00014973	0	1	Nei:4	0	0	0	0	0	0	0	0	0	0	
YOR094W	0.00255157	0	1	noMapping	
YOR096W	1	1	13	Nei:2	0	0	0	0	0	0	0	0	0	0	
YOR097C	0.805821	0	1	Nei:4	0	1	1	1	1	1	1	1	1	1	
YOR109W	0.000349207	1	1	Nei:1	0	0	0	0	0	0	0	0	0	0	
YOR113W	0.791093	0	2	noMapping	
YOR116C	0.524289	1	1	Nei:26	2	2	2	2	2	2	3	3	3	3	
YOR118W	0.203214	0	1	Nei:1	0	0	0	0	0	0	0	0	0	0	
YOR120W	9.3463e-006	1	1	Nei:1	0	0	0	0	0	0	0	0	0	0	
YOR123C	0.0364171	1	1	Nei:11	0	0	0	0	0	1	1	1	2	2	
YOR133W	0.69998	0	5	noMapping	
YOR142W-A	4.31025e-005	0	1	Nei:4	0	0	0	0	0	0	0	0	0	0	
YOR142W-B	1.27936e-006	0	2	noMapping	
YOR151C	0.00829651	1	1	Nei:45	1	3	3	3	3	3	3	3	3	5	
YOR153W	0.807072	1	2	Nei:1	0	0	0	0	0	0	0	0	0	0	
YOR160W	0.0278976	0	1	Nei:9	1	1	1	1	1	1	1	1	1	1	
YOR161C	0.00475334	0	1	Nei:3	0	0	0	0	0	0	0	0	0	0	
YOR162C	0.0612452	0	1	Nei:1	0	0	0	0	0	0	0	0	0	0	
YOR164C	0.397908	1	1	Nei:6	0	0	0	0	0	0	0	0	0	0	
YOR165W	0.00173548	1	1	noMapping	
YOR167C	1	1	3	Nei:11	0	0	0	0	0	0	0	0	0	0	
YOR171C	0.000650318	0	1	Nei:5	0	0	0	0	0	0	0	0	0	0	
YOR176W	0.00315509	1	1	Nei:9	0	0	0	0	0	0	0	0	0	0	
YOR182C	0.889359	1	2	noMapping	
YOR187W	0.000814848	1	1	Nei:4	0	0	0	0	0	0	0	0	0	0	
YOR188W	0.00111185	0	1	Nei:4	0	0	0	0	0	0	0	0	0	0	
YOR191W	0.00152815	0	1	Nei:8	0	1	1	1	1	1	1	1	1	1	
YOR192C-B	2.24097e-006	0	1	noMapping	
YOR204W	1	1	8	Nei:5	0	0	0	0	0	0	0	0	1	1	
YOR206W	0.994534	1	1	Nei:15	3	6	6	6	6	6	6	6	7	7	
YOR207C	0.00687982	1	2	Nei:12	0	0	0	0	0	1	1	1	1	2	
YOR210W	0.934685	1	1	Nei:14	0	0	0	0	0	0	0	0	0	0	
YOR219C	0.000272026	0	1	Nei:1	0	1	1	1	1	1	1	1	1	1	
YOR224C	0.471754	0	1	Nei:15	0	0	0	0	0	1	1	1	1	1	
YOR226C	0.233496	0	1	Nei:2	1	1	1	1	1	1	1	1	1	1	
YOR231W	0.198576	0	1	Nei:10	0	1	1	1	1	1	1	1	1	1	
YOR233W	1.37249e-005	0	1	Nei:2	1	1	1	1	1	1	1	2	2	2	
YOR234C	1	1	4	noMapping	
YOR241W	8.50326e-005	0	1	Nei:1	0	0	0	0	0	0	0	0	0	0	
YOR243C	0.0023631	1	1	Nei:4	1	1	1	1	1	1	1	1	1	1	
YOR244W	0.00280916	0	1	Nei:14	2	2	2	2	2	2	2	2	2	2	
YOR259C	0.832293	1	1	Nei:22	0	0	0	0	0	0	0	0	0	0	
YOR261C	0.957392	1	1	Nei:26	0	0	0	0	0	0	0	0	0	2	
YOR262W	0.00056139	0	1	Nei:1	0	0	0	0	0	0	0	0	0	0	
YOR275C	3.67271e-005	0	1	Nei:6	0	0	0	0	0	0	0	0	1	1	
YOR279C	0.162428	0	1	Nei:3	0	0	0	0	0	0	0	0	0	0	
YOR293W	0.771859	0	3	noMapping	
YOR298C-A	0.162637	1	2	Nei:1	0	1	1	1	1	1	1	1	1	1	
YOR299W	0.000510886	0	1	Nei:20	0	0	0	0	0	1	1	1	1	1	
YOR310C	1	1	1	Nei:7	1	3	3	3	3	3	3	3	3	3	
YOR311C	0.0149333	0	1	Nei:4	0	0	0	0	0	0	0	0	0	0	
YOR312C	0.999731	1	10	noMapping	
YOR317W	0.999992	1	3	Nei:9	0	0	0	0	0	0	0	0	0	0	
YOR323C	3.31726e-005	1	1	Nei:2	0	0	0	0	0	0	0	0	0	0	
YOR326W	0.000655038	1	1	Nei:20	0	3	4	4	4	4	4	4	4	4	
YOR343W-B	2.18102e-006	0	1	noMapping	
YOR346W	4.67284e-005	0	1	Nei:1	0	0	0	0	0	0	0	0	0	0	
YOR347C	0.0405505	1	1	noMapping	
YOR348C	9.6161e-005	0	1	Nei:4	0	0	0	0	0	0	0	0	0	0	
YOR349W	0.00376035	0	1	Nei:3	0	0	0	0	0	0	0	0	0	0	
YOR351C	0.00172322	0	1	Nei:38	9	16	17	18	18	18	18	18	18	19	
YOR354C	2.04081e-005	1	1	Nei:1	0	0	0	0	0	0	0	0	0	0	
YOR361C	0.0235144	1	1	Nei:20	3	9	9	9	9	9	9	9	9	9	
YOR369C	1	1	9	noMapping	
YOR370C	0.00575676	0	1	Nei:8	0	0	0	0	0	0	0	0	0	1	
YOR371C	0.0172155	0	1	Nei:3	0	0	0	0	0	0	0	0	0	0	
YOR375C	0.000112799	1	1	Nei:18	1	2	2	2	2	2	2	2	4	4	
YOR384W	0.00192508	0	1	Nei:1	0	0	0	0	0	0	0	0	0	0	
YOR387C	0.0425493	0	1	Nei:1	0	0	0	0	0	0	0	0	0	0	
YOR389W	0.0329856	0	1	Nei:1	0	0	0	0	0	0	0	0	0	0	
YOR392W	0.00160235	0	1	Nei:2	0	0	0	0	0	0	0	0	0	0	
YOR396W	5.4815e-009	0	1	noMapping	
YPL006W	5.95396e-005	0	1	noMapping	
YPL008W	0.00679295	0	1	Nei:1	0	0	0	0	0	0	0	0	0	0	
YPL009C	0.999831	1	2	Nei:2	1	1	1	1	1	1	1	1	1	1	
YPL011C	0.00956661	0	1	Nei:8	0	0	0	0	0	0	0	0	0	0	
YPL012W	0.973963	1	1	Nei:15	0	2	2	2	2	3	4	4	5	5	
YPL021W	0.120356	0	2	noMapping	
YPL023C	0.000676691	0	1	Nei:1	0	0	0	0	0	0	0	0	0	0	
YPL026C	0.0338072	0	1	Nei:6	1	1	1	1	1	1	1	1	1	1	
YPL036W	0.879184	1	6	Nei:5	0	0	0	0	0	0	0	0	0	0	
YPL037C	1	1	5	Nei:3	0	0	0	0	0	0	0	0	0	0	
YPL039W	0.000680231	0	1	noMapping	
YPL043W	0.994071	1	1	Nei:38	7	17	17	17	18	19	19	19	20	21	
YPL048W	0.999387	1	3	Nei:1	1	1	1	1	1	1	1	1	1	1	
YPL049C	0.000116277	0	1	Nei:14	0	0	0	0	0	1	1	1	1	1	
YPL060C-A	1.35182e-005	0	1	noMapping	
YPL061W	0.998627	1	1	Nei:49	0	6	6	6	6	6	6	6	8	9	
YPL075W	0.00776046	0	1	Nei:2	0	0	0	0	0	0	0	0	0	0	
YPL078C	0.00763013	1	1	Nei:8	0	1	1	1	1	1	1	1	1	1	
YPL079W	0.999922	1	7	noMapping	
YPL081W	0.994089	1	8	noMapping	
YPL084W	8.60333e-005	1	1	Nei:4	0	0	0	0	0	0	0	0	1	1	
YPL086C	3.99191e-005	0	1	Nei:8	0	0	0	0	0	0	0	0	0	0	
YPL088W	0.00535771	0	1	Nei:5	0	0	0	0	0	0	0	0	1	1	
YPL090C	1	1	14	noMapping	
YPL092W	0.000325019	0	1	Nei:4	0	0	0	0	0	0	0	0	0	0	
YPL093W	1	1	5	Nei:27	3	6	6	6	6	6	6	6	6	6	
YPL106C	0.792375	1	2	Nei:6	1	2	2	2	2	2	2	2	3	3	
YPL109C	0.0160799	0	1	noMapping	
YPL112C	9.97677e-005	1	1	Nei:2	0	0	0	0	0	0	0	0	0	0	
YPL113C	0.0232459	0	1	Nei:1	0	0	0	0	0	0	0	0	0	0	
YPL115C	7.22918e-005	0	1	Nei:11	0	0	0	0	0	0	0	0	0	0	
YPL116W	7.36605e-005	1	1	Nei:1	0	0	0	0	0	0	0	0	0	0	
YPL119C	0.275546	1	2	Nei:1	0	0	0	0	0	0	0	0	0	0	
YPL125W	0.00025641	0	1	Nei:6	0	0	0	1	1	1	1	1	1	1	
YPL129W	0.00110765	1	1	Nei:14	0	0	0	0	0	0	0	0	0	0	
YPL131W	1	1	13	Nei:5	1	2	2	2	2	2	2	2	2	2	
YPL137C	0.000147434	1	1	noMapping	
YPL143W	1	1	4	noMapping	
YPL156C	0.00172225	0	1	Nei:1	0	0	0	0	0	0	0	0	0	0	
YPL158C	0.193385	0	2	Nei:8	0	0	0	0	0	0	0	0	0	0	
YPL177C	0.013143	0	1	Nei:1	0	0	0	0	0	0	0	0	0	0	
YPL190C	9.55113e-005	1	1	Nei:7	0	0	0	0	1	1	1	1	1	1	
YPL198W	0.999982	1	15	noMapping	
YPL214C	0.0054517	0	1	Nei:4	1	1	1	1	1	1	1	1	1	1	
YPL215W	0.197668	0	1	Nei:5	0	0	0	0	0	0	0	0	0	0	
YPL220W	0.998448	1	9	noMapping	
YPL226W	0.984854	1	2	Nei:2	1	1	1	1	1	1	1	1	1	1	
YPL228W	0.00990908	1	2	Nei:2	0	0	1	1	1	1	1	1	1	1	
YPL231W	0.9997	1	5	Nei:1	0	0	0	0	0	0	1	1	1	1	
YPL237W	0.99402	1	1	Nei:13	1	3	3	3	3	3	3	3	3	3	
YPL240C	1	1	4	Nei:66	5	6	6	6	6	6	6	6	8	8	
YPL243W	0.00378925	1	1	Nei:1	0	0	0	0	0	0	0	0	0	0	
YPL249C-A	1	0	6	Nei:4	1	1	1	1	1	1	1	1	2	2	
YPL253C	0.0375199	0	2	Nei:4	0	1	1	1	1	1	1	1	1	1	
YPL255W	0.00247128	0	1	Nei:16	0	0	0	0	0	0	0	0	0	0	
YPL257W-A	7.21992e-006	0	1	noMapping	
YPL257W-B	1.27936e-006	0	2	noMapping	
YPL260W	0.00647384	1	1	Nei:1	0	0	0	0	0	0	0	0	0	0	
YPL264C	0.762874	0	1	Nei:37	0	0	0	0	0	0	0	0	0	0	
YPL273W	0.00095612	1	1	noMapping	
YPL277C	0.0411729	0	1	noMapping	
YPL283C	9.23536e-010	0	1	noMapping	
YPR001W	0.0001593	0	1	Nei:1	1	1	1	1	1	1	1	1	1	1	
YPR007C	0.0933104	0	1	noMapping	
YPR008W	2.94589e-005	0	1	Nei:2	0	0	0	0	0	0	0	0	0	0	
YPR016C	0.979977	1	2	Nei:48	7	17	17	17	18	18	18	18	18	18	
YPR018W	0.000129199	0	1	Nei:10	0	0	0	0	0	0	0	0	0	0	
YPR019W	0.00320851	0	1	Nei:5	0	0	0	0	0	0	0	0	0	0	
YPR022C	0.0108115	0	1	noMapping	
YPR030W	4.2965e-006	0	1	Nei:5	0	2	2	2	2	2	2	2	2	3	
YPR033C	0.999999	1	3	Nei:4	0	0	0	0	0	0	0	0	0	0	
YPR034W	0.000468476	0	1	Nei:4	0	0	0	0	0	0	0	0	0	0	
YPR036W	0.926246	1	2	Nei:6	1	1	1	1	1	1	1	1	1	2	
YPR042C	0.00199893	0	1	noMapping	
YPR043W	0.28882	1	1	noMapping	
YPR048W	2.09479e-005	0	1	Nei:6	0	0	0	0	0	0	0	0	1	1	
YPR049C	0.000148649	0	1	Nei:4	0	0	0	0	0	0	0	1	1	1	
YPR051W	0.00139793	0	1	Nei:3	0	0	0	0	0	0	0	0	0	0	
YPR063C	0.00505665	0	1	Nei:1	0	0	0	0	0	0	0	0	0	0	
YPR069C	0.0134963	1	1	Nei:3	0	0	0	0	0	0	0	0	0	0	
YPR080W	0.999999	1	24	noMapping	
YPR088C	0.000166869	1	1	Nei:13	1	1	1	1	1	1	1	1	2	4	
YPR097W	0.233599	0	3	noMapping	
YPR102C	0.974336	1	5	Nei:1	0	0	0	0	0	0	0	0	0	0	
YPR103W	0.0266801	1	1	Nei:22	0	0	1	1	1	1	1	1	1	1	
YPR109W	0.0938487	0	1	noMapping	
YPR115W	0.632418	0	2	Nei:6	0	0	0	0	0	0	0	0	0	0	
YPR119W	6.84322e-005	0	1	Nei:19	1	1	1	1	1	1	1	1	1	1	
YPR122W	0.000323611	0	1	Nei:2	0	0	0	0	0	0	0	0	0	0	
YPR125W	0.00821892	0	1	Nei:1	0	0	0	0	0	0	0	0	0	0	
YPR127W	0.000338378	0	1	noMapping	
YPR132W	0.621305	0	2	noMapping	
YPR137C-A	7.21992e-006	0	1	noMapping	
YPR137C-B	1.23127e-006	0	2	noMapping	
YPR141C	0.00906191	1	1	Nei:9	0	0	0	0	0	0	0	0	0	0	
YPR158C-C	7.21992e-006	0	1	noMapping	
YPR158C-D	1.32989e-006	0	2	noMapping	
YPR158W-A	8.8423e-006	0	1	noMapping	
YPR158W-B	1.32989e-006	0	2	noMapping	
YPR160W	0.110933	1	1	Nei:17	0	0	0	0	0	0	0	0	0	0	
YPR164W	8.0314e-005	0	1	Nei:1	0	0	0	0	0	0	0	0	0	0	
YPR171W	0.000467056	1	1	Nei:12	0	0	0	0	0	0	0	0	1	1	
YPR173C	0.247181	1	1	Nei:12	0	0	0	0	0	0	0	0	2	2	
YPR180W	0.249232	0	1	Nei:9	2	2	2	2	2	2	2	2	2	2	
YPR181C	0.674893	1	2	Nei:20	0	1	2	2	2	2	2	2	2	2	
YPR189W	1	1	3	Nei:3	1	1	1	1	1	1	1	1	1	1	
YPR199C	0.000460676	0	1	Nei:1	0	0	0	0	0	0	0	0	0	0	
YPR204W	1.08928e-008	0	1	noMapping	
Q0050	0.0244578	0	1	Nei:1	0	0	0	0	0	0	0	0	0	0	
Q0070	0.591933	0	2	noMapping	
Q0110	0.00270715	0	1	noMapping	
Q0115	0.000153793	0	1	noMapping	
